# t[Gyr], [Fe/H]
1.250000000000000069e-02 -5.670653501382604267e-01
3.750000000000000555e-02 -5.414653495197729871e-01
6.250000000000001388e-02 -5.240250798571801649e-01
8.750000000000000833e-02 -5.100615316070825633e-01
1.125000000000000167e-01 -4.981703064051407059e-01
1.375000000000000389e-01 -4.876975589988974402e-01
1.625000000000000333e-01 -4.782746970660048946e-01
1.875000000000000555e-01 -4.696693476047010263e-01
2.125000000000000500e-01 -4.617237199152619542e-01
2.375000000000000444e-01 -4.543248143731984934e-01
2.625000000000000666e-01 -4.473883992323380854e-01
2.875000000000000888e-01 -4.408496890408969970e-01
3.125000000000000555e-01 -4.346575845849457997e-01
3.375000000000000777e-01 -4.287709388358793006e-01
3.625000000000000999e-01 -4.231560398512699828e-01
3.875000000000000666e-01 -4.177848579904246962e-01
4.125000000000000888e-01 -4.126337913827233250e-01
4.375000000000001110e-01 -4.076827466387760168e-01
4.625000000000000777e-01 -4.029144513427133090e-01
4.875000000000000999e-01 -3.983139306278728475e-01
5.125000000000000666e-01 -3.938681023469996489e-01
5.375000000000000888e-01 -3.895654595480793070e-01
5.625000000000001110e-01 -3.853958182831351831e-01
5.875000000000000222e-01 -3.813501150310151799e-01
6.125000000000000444e-01 -3.774202423000877493e-01
6.375000000000000666e-01 -3.735989139674016357e-01
6.625000000000000888e-01 -3.698795540333687515e-01
6.875000000000001110e-01 -3.662562040005188368e-01
7.125000000000001332e-01 -3.627234452024478695e-01
7.375000000000000444e-01 -3.592763332361857409e-01
7.625000000000000666e-01 -3.559103422705649500e-01
7.875000000000000888e-01 -3.526213174720205790e-01
8.125000000000001110e-01 -3.494054341477706993e-01
8.375000000000001332e-01 -3.462591624830514969e-01
8.625000000000001554e-01 -3.431792369645327301e-01
8.875000000000001776e-01 -3.401626297511775032e-01
9.125000000000000888e-01 -3.372065273875908265e-01
9.375000000000001110e-01 -3.343083103614753471e-01
9.625000000000001332e-01 -3.314655350923117472e-01
9.875000000000001554e-01 -3.286759180073625108e-01
1.012500000000000178e+00 -3.259373214171404909e-01
1.037500000000000089e+00 -3.232477409482252817e-01
1.062500000000000222e+00 -3.206052943288814072e-01
1.087500000000000133e+00 -3.180082113539209332e-01
1.112500000000000266e+00 -3.154548248809566635e-01
1.137500000000000178e+00 -3.129435627316006774e-01
1.162500000000000089e+00 -3.104729403890679751e-01
1.187500000000000222e+00 -3.080415543986938509e-01
1.212500000000000133e+00 -3.056480763905662923e-01
1.237500000000000266e+00 -3.032912476542081182e-01
1.262500000000000178e+00 -3.009698742043854236e-01
1.287500000000000311e+00 -2.986828222848944558e-01
1.312500000000000222e+00 -2.964290142638378311e-01
1.337500000000000133e+00 -2.942074248796230918e-01
1.362500000000000266e+00 -2.920170778018256752e-01
1.387500000000000178e+00 -2.898570424753167951e-01
1.412500000000000311e+00 -2.877264312197231333e-01
1.437500000000000222e+00 -2.856243965594900125e-01
1.462500000000000133e+00 -2.835501287625879496e-01
1.487500000000000266e+00 -2.815028535683338218e-01
1.512500000000000178e+00 -2.794818300869181260e-01
1.537500000000000311e+00 -2.774863488550887158e-01
1.562500000000000222e+00 -2.755157300340776994e-01
1.587500000000000355e+00 -2.735693217372961450e-01
1.612500000000000266e+00 -2.716464984765927793e-01
1.637500000000000178e+00 -2.697466597169977942e-01
1.662500000000000311e+00 -2.678692285308632015e-01
1.687500000000000222e+00 -2.660136503432057875e-01
1.712500000000000355e+00 -2.641793917608322162e-01
1.737500000000000266e+00 -2.623659394785365917e-01
1.762500000000000400e+00 -2.605727992562799633e-01
1.787500000000000311e+00 -2.587994949618267482e-01
1.812500000000000222e+00 -2.570455676738053752e-01
1.837500000000000355e+00 -2.553105748406163111e-01
1.862500000000000266e+00 -2.535940894910163612e-01
1.887500000000000400e+00 -2.518956994925578563e-01
1.912500000000000311e+00 -2.502150068544107819e-01
1.937500000000000222e+00 -2.485516270713644393e-01
1.962500000000000355e+00 -2.469051885060989382e-01
1.987500000000000266e+00 -2.452753318070362010e-01
2.012500000000000622e+00 -2.436617093593123895e-01
2.037500000000000533e+00 -2.420639847666065381e-01
2.062500000000000444e+00 -2.404818323617422537e-01
2.087500000000000799e+00 -2.389149367441405492e-01
2.112500000000000711e+00 -2.373629923423569155e-01
2.137500000000000622e+00 -2.358257030000635857e-01
2.162500000000000533e+00 -2.343027815839696659e-01
2.187500000000000444e+00 -2.327939496122793939e-01
2.212500000000000799e+00 -2.312989369023991104e-01
2.237500000000000711e+00 -2.298174812366884368e-01
2.262500000000000622e+00 -2.283493280451494023e-01
2.287500000000000533e+00 -2.268942301040185738e-01
2.312500000000000444e+00 -2.254519472493056176e-01
2.337500000000000799e+00 -2.240222461043848423e-01
2.362500000000000711e+00 -2.226048998208134400e-01
2.387500000000000622e+00 -2.211996878316014881e-01
2.412500000000000533e+00 -2.198063956162157606e-01
2.437500000000000444e+00 -2.184248144766450517e-01
2.462500000000000799e+00 -2.170547413239024837e-01
2.487500000000000711e+00 -2.156959784743773256e-01
2.512500000000000622e+00 -2.143483334554912856e-01
2.537500000000000533e+00 -2.130116188201479910e-01
2.562500000000000888e+00 -2.116856519694957361e-01
2.587500000000000799e+00 -2.103702549835560764e-01
2.612500000000000711e+00 -2.090652544592989381e-01
2.637500000000000622e+00 -2.077704813557693375e-01
2.662500000000000533e+00 -2.064857708458962549e-01
2.687500000000000888e+00 -2.052109621746372459e-01
2.712500000000000799e+00 -2.039458985231332178e-01
2.737500000000000711e+00 -2.026904268785646446e-01
2.762500000000000622e+00 -2.014443979094255321e-01
2.787500000000000533e+00 -2.002076658459382152e-01
2.812500000000000888e+00 -1.989800883653589092e-01
2.837500000000000799e+00 -1.977615264819308216e-01
2.862500000000000711e+00 -1.965518444412578947e-01
2.887500000000000622e+00 -1.953509096188871808e-01
2.912500000000000533e+00 -1.941585924228957372e-01
2.937500000000000888e+00 -1.929747662002942732e-01
2.962500000000000799e+00 -1.917993071470652788e-01
2.987500000000000711e+00 -1.906320942216670478e-01
3.012500000000000622e+00 -1.894730090618427509e-01
3.037500000000000977e+00 -1.883219359045811558e-01
3.062500000000000888e+00 -1.871787615090882428e-01
3.087500000000000799e+00 -1.860433750826299137e-01
3.112500000000000711e+00 -1.849156682091189774e-01
3.137500000000000622e+00 -1.837955347803244266e-01
3.162500000000000977e+00 -1.826828709295864328e-01
3.187500000000000888e+00 -1.815775749679247320e-01
3.212500000000000799e+00 -1.804795473224424240e-01
3.237500000000000711e+00 -1.793886904769195767e-01
3.262500000000000622e+00 -1.783049089145071209e-01
3.287500000000000977e+00 -1.772281090624288347e-01
3.312500000000000888e+00 -1.761581992386084816e-01
3.337500000000000799e+00 -1.750950896001415291e-01
3.362500000000000711e+00 -1.740386920935328707e-01
3.387500000000000622e+00 -1.729889204066292485e-01
3.412500000000000977e+00 -1.719456899221773749e-01
3.437500000000000888e+00 -1.709089176729391146e-01
3.462500000000000799e+00 -1.698785222983036636e-01
3.487500000000000711e+00 -1.688544240023339693e-01
3.512500000000001066e+00 -1.678365445131937417e-01
3.537500000000000977e+00 -1.668248070438958230e-01
3.562500000000000888e+00 -1.658191362543250114e-01
3.587500000000000799e+00 -1.648194582144806297e-01
3.612500000000000711e+00 -1.638257003688962377e-01
3.637500000000001066e+00 -1.628377915021869959e-01
3.662500000000000977e+00 -1.618556617056852720e-01
3.687500000000000888e+00 -1.608792423451215481e-01
3.712500000000000799e+00 -1.599084660293078886e-01
3.737500000000000711e+00 -1.589432665797942956e-01
3.762500000000001066e+00 -1.579835790014533226e-01
3.787500000000000977e+00 -1.570293394539641618e-01
3.812500000000000888e+00 -1.560804852241614304e-01
3.837500000000000799e+00 -1.551369546992153459e-01
3.862500000000000711e+00 -1.541986873406162306e-01
3.887500000000001066e+00 -1.532656236589326759e-01
3.912500000000000977e+00 -1.523377051893156364e-01
3.937500000000000888e+00 -1.514148744677212000e-01
3.962500000000000799e+00 -1.504970750078298281e-01
3.987500000000001155e+00 -1.495842512786324796e-01
4.012500000000001066e+00 -1.486763486826653269e-01
4.037500000000000533e+00 -1.477733135348671401e-01
4.062500000000000888e+00 -1.468750930420388012e-01
4.087500000000001243e+00 -1.459816352828864072e-01
4.112500000000000711e+00 -1.450928891886233141e-01
4.137500000000001066e+00 -1.442088045241176342e-01
4.162500000000001421e+00 -1.433293318695618712e-01
4.187500000000000888e+00 -1.424544226026518146e-01
4.212500000000001243e+00 -1.415840288812537651e-01
4.237500000000000711e+00 -1.407181036265465757e-01
4.262500000000001066e+00 -1.398566005066206319e-01
4.287500000000001421e+00 -1.389994739205217267e-01
4.312500000000000888e+00 -1.381466789827223984e-01
4.337500000000001243e+00 -1.372981715080090759e-01
4.362500000000000711e+00 -1.364539079967698743e-01
4.387500000000001066e+00 -1.356138456206718856e-01
4.412500000000001421e+00 -1.347779422087147516e-01
4.437500000000000888e+00 -1.339461562336478062e-01
4.462500000000001243e+00 -1.331184467987414632e-01
4.487500000000000711e+00 -1.322947736248994977e-01
4.512500000000001066e+00 -1.314750970381032280e-01
4.537500000000001421e+00 -1.306593779571761926e-01
4.562500000000000888e+00 -1.298475778818605209e-01
4.587500000000001243e+00 -1.290396588811944523e-01
4.612500000000000711e+00 -1.282355835821820667e-01
4.637500000000001066e+00 -1.274353151587485078e-01
4.662500000000001421e+00 -1.266388173209661849e-01
4.687500000000000888e+00 -1.258460543045527014e-01
4.712500000000001243e+00 -1.250569908606231906e-01
4.737500000000000711e+00 -1.242715922456968797e-01
4.762500000000001066e+00 -1.234898242119458339e-01
4.787500000000001421e+00 -1.227116529976806369e-01
4.812500000000000888e+00 -1.219370453180652764e-01
4.837500000000001243e+00 -1.211659683560562667e-01
4.862500000000000711e+00 -1.203983897535569475e-01
4.887500000000001066e+00 -1.196342776027823490e-01
4.912500000000001421e+00 -1.188736004378291716e-01
4.937500000000000888e+00 -1.181163272264431768e-01
4.962500000000001243e+00 -1.173624273619800484e-01
4.987500000000000711e+00 -1.166118706555528267e-01
5.012500000000001066e+00 -1.158646273283635703e-01
5.037500000000001421e+00 -1.151206680042083097e-01
5.062500000000000888e+00 -1.143799637021589571e-01
5.087500000000001243e+00 -1.136424858294076828e-01
5.112500000000001599e+00 -1.129082061742779780e-01
5.137500000000001066e+00 -1.121770968993910794e-01
5.162500000000001421e+00 -1.114491305349887967e-01
5.187500000000000888e+00 -1.107242799724044019e-01
5.212500000000001243e+00 -1.100025184576797904e-01
5.237500000000001599e+00 -1.092838195853252092e-01
5.262500000000001066e+00 -1.085681572922151533e-01
5.287500000000001421e+00 -1.078555058516210696e-01
5.312500000000000888e+00 -1.071458398673733464e-01
5.337500000000001243e+00 -1.064391342681501179e-01
5.362500000000001599e+00 -1.057353643018913297e-01
5.387500000000001066e+00 -1.050345055303340824e-01
5.412500000000001421e+00 -1.043365338236629247e-01
5.437500000000000888e+00 -1.036414253552776499e-01
5.462500000000001243e+00 -1.029491565966703659e-01
5.487500000000001599e+00 -1.022597043124138239e-01
5.512500000000001066e+00 -1.015730455552532607e-01
5.537500000000001421e+00 -1.008891576613022006e-01
5.562500000000000888e+00 -1.002080182453404522e-01
5.587500000000001243e+00 -9.952960519620789037e-02
5.612500000000001599e+00 -9.885389667229566024e-02
5.637500000000001066e+00 -9.818087109712947402e-02
5.662500000000001421e+00 -9.751050715504515354e-02
5.687500000000000888e+00 -9.684278378695078404e-02
5.712500000000001243e+00 -9.617768018617765813e-02
5.737500000000001599e+00 -9.551517579441391737e-02
5.762500000000001066e+00 -9.485525029772132188e-02
5.787500000000001421e+00 -9.419788362263266379e-02
5.812500000000000888e+00 -9.354305593232568883e-02
5.837500000000001243e+00 -9.289074762287567733e-02
5.862500000000001599e+00 -9.224093931958128600e-02
5.887500000000001066e+00 -9.159361187336402532e-02
5.912500000000001421e+00 -9.094874635723768086e-02
5.937500000000000888e+00 -9.030632406284895553e-02
5.962500000000001243e+00 -8.966632649708329572e-02
5.987500000000001599e+00 -8.902873537873966236e-02
6.012500000000001066e+00 -8.839353263526772420e-02
6.037500000000001421e+00 -8.776070039956934687e-02
6.062500000000001776e+00 -8.713022100686147742e-02
6.087500000000001243e+00 -8.650207699159892516e-02
6.112500000000001599e+00 -8.587625108445562372e-02
6.137500000000001066e+00 -8.525272620936456824e-02
6.162500000000001421e+00 -8.463148548061315279e-02
6.187500000000001776e+00 -8.401251219999238129e-02
6.212500000000001243e+00 -8.339578985400183941e-02
6.237500000000001599e+00 -8.278130211110509840e-02
6.262500000000001066e+00 -8.216903281903750744e-02
6.287500000000001421e+00 -8.155896600216300252e-02
6.312500000000001776e+00 -8.095108585888145802e-02
6.337500000000001243e+00 -8.034537675908168253e-02
6.362500000000001599e+00 -7.974182324164375002e-02
6.387500000000001066e+00 -7.914041001198469927e-02
6.412500000000001421e+00 -7.854112193965046007e-02
6.437500000000001776e+00 -7.794394405595087005e-02
6.462500000000001243e+00 -7.734886155163826771e-02
6.487500000000001599e+00 -7.675585977462624776e-02
6.512500000000001066e+00 -7.616492422775215931e-02
6.537500000000001421e+00 -7.557604056657646341e-02
6.562500000000001776e+00 -7.498919459722387659e-02
6.587500000000001243e+00 -7.440437227426180411e-02
6.612500000000001599e+00 -7.382155969861536882e-02
6.637500000000001066e+00 -7.324074311552196404e-02
6.662500000000001421e+00 -7.266190891251853023e-02
6.687500000000001776e+00 -7.208504361746596867e-02
6.712500000000001243e+00 -7.151013389660852704e-02
6.737500000000001599e+00 -7.093716655266409099e-02
6.762500000000001066e+00 -7.036612852295127951e-02
6.787500000000001421e+00 -6.979700687754603061e-02
6.812500000000001776e+00 -6.922978881747063329e-02
6.837500000000001243e+00 -6.866446167291516411e-02
6.862500000000001599e+00 -6.810101290148647124e-02
6.887500000000001954e+00 -6.753943008649025692e-02
6.912500000000001421e+00 -6.697970093523912538e-02
6.937500000000001776e+00 -6.642181327739173080e-02
6.962500000000001243e+00 -6.586575506331840413e-02
6.987500000000001599e+00 -6.531151436249464648e-02
7.012500000000001954e+00 -6.475907936192147607e-02
7.037500000000001421e+00 -6.420843836457208742e-02
7.062500000000001776e+00 -6.365957978786393467e-02
7.087500000000001243e+00 -6.311249216215744640e-02
7.112500000000001599e+00 -6.256716412927661175e-02
7.137500000000001954e+00 -6.202358444105773860e-02
7.162500000000001421e+00 -6.148174195791872298e-02
7.187500000000001776e+00 -6.094162564745285449e-02
7.212500000000001243e+00 -6.040322458304637349e-02
7.237500000000001599e+00 -5.986652794251690751e-02
7.262500000000001954e+00 -5.933152500677411206e-02
7.287500000000001421e+00 -5.879820515850348039e-02
7.312500000000001776e+00 -5.826655788086987364e-02
7.337500000000001243e+00 -5.773657275624080598e-02
7.362500000000001599e+00 -5.720823946493298201e-02
7.387500000000001954e+00 -5.668154778397598015e-02
7.412500000000001421e+00 -5.615648758589690537e-02
7.437500000000001776e+00 -5.563304883752416552e-02
7.462500000000001243e+00 -5.511122159880902510e-02
7.487500000000001599e+00 -5.459099602166776755e-02
7.512500000000001954e+00 -5.407236234883910225e-02
7.537500000000001421e+00 -5.355531091276186789e-02
7.562500000000001776e+00 -5.303983213446909067e-02
7.587500000000001243e+00 -5.252591652249830739e-02
7.612500000000001599e+00 -5.201355467182160880e-02
7.637500000000001954e+00 -5.150273726278756931e-02
7.662500000000001421e+00 -5.099345506008414602e-02
7.687500000000001776e+00 -5.048569891171432455e-02
7.712500000000001243e+00 -4.997945974798808505e-02
7.737500000000001599e+00 -4.947472858053052897e-02
7.762500000000001954e+00 -4.897149650130414728e-02
7.787500000000001421e+00 -4.846975468164616691e-02
7.812500000000001776e+00 -4.796949437131973332e-02
7.837500000000002132e+00 -4.747070689758064316e-02
7.862500000000001599e+00 -4.697338366425684447e-02
7.887500000000001954e+00 -4.647751615084268900e-02
7.912500000000001421e+00 -4.598309591160455040e-02
7.937500000000001776e+00 -4.549011457470305414e-02
7.962500000000002132e+00 -4.499856384132541048e-02
7.987500000000001599e+00 -4.450843548483087581e-02
8.012500000000001066e+00 -4.401972134991105623e-02
8.037500000000001421e+00 -4.353241335175917631e-02
8.062500000000000000e+00 -4.304650347525446064e-02
8.087500000000000355e+00 -4.256198377415541106e-02
8.112500000000000711e+00 -4.207884637030835651e-02
8.137500000000001066e+00 -4.159708345286413506e-02
8.162500000000001421e+00 -4.111668727750725227e-02
8.187500000000000000e+00 -4.063765016569770988e-02
8.212500000000000355e+00 -4.015996450392067540e-02
8.237500000000000711e+00 -3.968362274294964798e-02
8.262500000000001066e+00 -3.920861739711814509e-02
8.287500000000001421e+00 -3.873494104360285933e-02
8.312500000000001776e+00 -3.826258632171680024e-02
8.337500000000000355e+00 -3.779154593221210195e-02
8.362500000000000711e+00 -3.732181263659208048e-02
8.387500000000001066e+00 -3.685337925643540624e-02
8.412500000000001421e+00 -3.638623867272622325e-02
8.437500000000001776e+00 -3.592038382519609913e-02
8.462500000000000355e+00 -3.545580771167483602e-02
8.487500000000000711e+00 -3.499250338744885891e-02
8.512500000000001066e+00 -3.453046396463073375e-02
8.537500000000001421e+00 -3.406968261153488220e-02
8.562500000000001776e+00 -3.361015255206368374e-02
8.587500000000000355e+00 -3.315186706510245274e-02
8.612500000000000711e+00 -3.269481948391976533e-02
8.637500000000001066e+00 -3.223900319557933269e-02
8.662500000000001421e+00 -3.178441164035813310e-02
8.687500000000001776e+00 -3.133103831117228788e-02
8.712500000000000355e+00 -3.087887675301180176e-02
8.737500000000000711e+00 -3.042792056238204437e-02
8.762500000000001066e+00 -2.997816338675267367e-02
8.787500000000001421e+00 -2.952959892401468139e-02
8.812500000000001776e+00 -2.908222092194430800e-02
8.837500000000000355e+00 -2.863602317767364319e-02
8.862500000000000711e+00 -2.819099953716912646e-02
8.887500000000001066e+00 -2.774714389471661519e-02
8.912500000000001421e+00 -2.730445019241274987e-02
8.937500000000001776e+00 -2.686291241966400414e-02
8.962500000000000355e+00 -2.642252461269134836e-02
8.987500000000000711e+00 -2.598328085404176882e-02
9.012500000000001066e+00 -2.554517527210770078e-02
9.037500000000001421e+00 -2.510820204064923011e-02
9.062500000000001776e+00 -2.467235537832573877e-02
9.087500000000000355e+00 -2.423762954823287241e-02
9.112500000000000711e+00 -2.380401885744390378e-02
9.137500000000001066e+00 -2.337151765655960667e-02
9.162500000000001421e+00 -2.294012033926137728e-02
9.187500000000001776e+00 -2.250982134187230754e-02
9.212500000000000355e+00 -2.208061514292167932e-02
9.237500000000000711e+00 -2.165249626271753547e-02
9.262500000000001066e+00 -2.122545926292240814e-02
9.287500000000001421e+00 -2.079949874613552102e-02
9.312500000000001776e+00 -2.037460935548076474e-02
9.337500000000000355e+00 -1.995078577419856503e-02
9.362500000000000711e+00 -1.952802272524354829e-02
9.387500000000001066e+00 -1.910631497088817465e-02
9.412500000000001421e+00 -1.868565731232988206e-02
9.437500000000001776e+00 -1.826604458930351088e-02
9.462500000000000355e+00 -1.784747167969953294e-02
9.487500000000000711e+00 -1.742993349918582624e-02
9.512500000000001066e+00 -1.701342500083455334e-02
9.537500000000001421e+00 -1.659794117475450401e-02
9.562500000000001776e+00 -1.618347704772562720e-02
9.587500000000000355e+00 -1.577002768284222617e-02
9.612500000000000711e+00 -1.535758817915482653e-02
9.637500000000001066e+00 -1.494615367132243883e-02
9.662500000000001421e+00 -1.453571932926402653e-02
9.687500000000001776e+00 -1.412628035781805791e-02
9.712500000000000355e+00 -1.371783199640388626e-02
9.737500000000000711e+00 -1.331036951868698644e-02
9.762500000000001066e+00 -1.290388823225141479e-02
9.787500000000001421e+00 -1.249838347827134100e-02
9.812500000000001776e+00 -1.209385063119154148e-02
9.837500000000000355e+00 -1.169028509840745571e-02
9.862500000000000711e+00 -1.128768231995237042e-02
9.887500000000001066e+00 -1.088603776818644273e-02
9.912500000000001421e+00 -1.048534694748945451e-02
9.937500000000001776e+00 -1.008560539395877281e-02
9.962500000000000355e+00 -9.686808675108873196e-03
9.987500000000000711e+00 -9.288952389576096702e-03
1.001250000000000107e+01 -8.892032166825688047e-03
1.003750000000000142e+01 -8.496043666862984969e-03
1.006250000000000178e+01 -8.100982579948071832e-03
1.008750000000000213e+01 -7.706844626313083882e-03
1.011250000000000071e+01 -7.313625555883218610e-03
1.013750000000000107e+01 -6.921321148001682334e-03
1.016250000000000142e+01 -6.529927211156212781e-03
1.018750000000000178e+01 -6.139439582711344462e-03
1.021250000000000213e+01 -5.749854128639629754e-03
1.023750000000000071e+01 -5.361166743261416498e-03
1.026250000000000107e+01 -4.973373348982133672e-03
1.028750000000000142e+01 -4.586469896037591483e-03
1.031250000000000178e+01 -4.200452362238059345e-03
1.033750000000000213e+01 -3.815316752717481680e-03
1.036250000000000071e+01 -3.431059099685334832e-03
1.038750000000000107e+01 -3.047675462181514538e-03
1.041250000000000142e+01 -2.665161925832305444e-03
1.043750000000000178e+01 -2.283514602611674046e-03
1.046250000000000213e+01 -1.902729630603365238e-03
1.048750000000000071e+01 -1.522803173766360115e-03
1.051250000000000107e+01 -1.143731421702662851e-03
1.053750000000000142e+01 -7.655105894286916811e-04
1.056250000000000178e+01 -3.881369171479367780e-04
1.058750000000000213e+01 -1.160667002668842400e-05
1.061250000000000071e+01 3.640838620274408741e-04
1.063750000000000107e+01 7.389383645847214270e-04
1.066250000000000142e+01 1.112960498910764342e-03
1.068750000000000178e+01 1.486153902179671504e-03
1.071250000000000213e+01 1.858522187688028352e-03
1.073750000000000071e+01 2.230068945062552068e-03
1.076250000000000107e+01 2.600797740469115455e-03
1.078750000000000142e+01 2.970712116816474815e-03
1.081250000000000178e+01 3.339815593960876461e-03
1.083750000000000213e+01 3.708111668905131417e-03
1.086250000000000071e+01 4.075603815997043931e-03
1.088750000000000107e+01 4.442295487127971391e-03
1.091250000000000142e+01 4.808190111924089301e-03
1.093750000000000178e+01 5.173291097940113485e-03
1.096250000000000213e+01 5.537601830849069734e-03
1.098750000000000071e+01 5.901125674630190374e-03
1.101250000000000107e+01 6.263865971754662386e-03
1.103750000000000142e+01 6.625826043369774376e-03
1.106250000000000178e+01 6.987009189480423293e-03
1.108750000000000213e+01 7.347418689129543885e-03
1.111250000000000071e+01 7.707057800576688940e-03
1.113750000000000107e+01 8.065929761473229417e-03
1.116250000000000142e+01 8.424037789036761814e-03
1.118750000000000178e+01 8.781385080224437395e-03
1.121250000000000213e+01 9.137974811902715294e-03
1.123750000000000071e+01 9.493810141016799029e-03
1.126250000000000107e+01 9.848894204757294851e-03
1.128750000000000142e+01 1.020323012072605999e-02
1.131250000000000178e+01 1.055682098709849644e-02
1.133750000000000213e+01 1.090966988278736956e-02
1.136250000000000071e+01 1.126177986760154050e-02
1.138750000000000107e+01 1.161315398240472807e-02
1.141250000000000142e+01 1.196379524927221848e-02
1.143750000000000178e+01 1.231370667164738940e-02
1.146250000000000213e+01 1.266289123449340984e-02
1.148750000000000071e+01 1.301135190444624098e-02
1.151250000000000107e+01 1.335909162996568034e-02
1.153750000000000142e+01 1.370611334148260155e-02
1.156250000000000178e+01 1.405241995154856219e-02
1.158750000000000213e+01 1.439801435497937640e-02
1.161250000000000071e+01 1.474289942900152729e-02
1.163750000000000107e+01 1.508707803339333180e-02
1.166250000000000142e+01 1.543055301062795474e-02
1.168750000000000178e+01 1.577332718601220582e-02
1.171250000000000213e+01 1.611540336782640512e-02
1.173750000000000071e+01 1.645678434745954585e-02
1.176250000000000107e+01 1.679747289954783979e-02
1.178750000000000142e+01 1.713747178210628733e-02
1.181250000000000178e+01 1.747678373666384719e-02
1.183750000000000213e+01 1.781541148839500127e-02
1.186250000000000071e+01 1.815335774624879731e-02
1.188750000000000107e+01 1.849062520307938329e-02
1.191250000000000142e+01 1.882721653577379070e-02
1.193750000000000178e+01 1.916313440537713991e-02
1.196250000000000213e+01 1.949838145721917090e-02
1.198750000000000249e+01 1.983296032103869580e-02
1.201250000000000107e+01 2.016687361110512319e-02
1.203750000000000142e+01 2.050012392634089145e-02
1.206250000000000178e+01 2.083271385044205282e-02
1.208750000000000213e+01 2.116464595199669604e-02
1.211250000000000249e+01 2.149592278460408373e-02
1.213750000000000107e+01 2.182654688699085105e-02
1.216250000000000142e+01 2.215652078312695811e-02
1.218750000000000178e+01 2.248584698234072296e-02
1.221250000000000213e+01 2.281452797943102351e-02
1.223750000000000249e+01 2.314256625478197313e-02
1.226250000000000107e+01 2.346996427447218397e-02
1.228750000000000142e+01 2.379672449038603213e-02
1.231250000000000178e+01 2.412284934032302847e-02
1.233750000000000213e+01 2.444834124810518761e-02
1.236250000000000249e+01 2.477320262368427894e-02
1.238750000000000107e+01 2.509743586324906725e-02
1.241250000000000142e+01 2.542104334932892076e-02
1.243750000000000178e+01 2.574402745089821726e-02
1.246250000000000213e+01 2.606639052347986887e-02
1.248750000000000249e+01 2.638813490924757019e-02
1.251250000000000107e+01 2.670926293712580155e-02
1.253750000000000142e+01 2.702977692289120631e-02
1.256250000000000178e+01 2.734967916927052642e-02
1.258750000000000213e+01 2.766897196604067161e-02
1.261250000000000249e+01 2.798765759012409454e-02
1.263750000000000107e+01 2.830573830568654595e-02
1.266250000000000142e+01 2.862321636423164825e-02
1.268750000000000178e+01 2.894009400469664539e-02
1.271250000000000213e+01 2.925637345354539440e-02
1.273750000000000249e+01 2.957205692486060064e-02
1.276250000000000107e+01 2.988714662043757270e-02
1.278750000000000142e+01 3.020164472987340101e-02
1.281250000000000178e+01 3.051555343065896764e-02
1.283750000000000213e+01 3.082887488826686201e-02
1.286250000000000249e+01 3.114161125624142351e-02
1.288750000000000107e+01 3.145376467628512723e-02
1.291250000000000142e+01 3.176533727834690568e-02
1.293750000000000178e+01 3.207633118070732370e-02
1.296250000000000213e+01 3.238674849006463463e-02
1.298750000000000249e+01 3.269659130161926136e-02
