# t[Gyr], fraction in stars and remnants
1.250000000000000069e-02 6.471700766444375974e-01
3.750000000000000555e-02 6.467064353481923877e-01
6.250000000000001388e-02 6.463432751761846173e-01
8.750000000000000833e-02 6.488969231954779815e-01
1.125000000000000167e-01 6.487272064201825561e-01
1.375000000000000389e-01 6.485166811003194587e-01
1.625000000000000333e-01 6.483272102389814329e-01
1.875000000000000555e-01 6.481541400717999446e-01
2.125000000000000500e-01 6.480638202023242256e-01
2.375000000000000444e-01 6.479149906736864084e-01
2.625000000000000666e-01 6.477754476651553794e-01
2.875000000000000888e-01 6.476438928850056787e-01
3.125000000000000555e-01 6.475193021112626290e-01
3.375000000000000777e-01 6.474008504421572274e-01
3.625000000000000999e-01 6.473576076171685401e-01
3.875000000000000666e-01 6.472495380389333697e-01
4.125000000000000888e-01 6.471458952889115324e-01
4.375000000000001110e-01 6.499338620739089079e-01
4.625000000000000777e-01 6.498414490525414866e-01
4.875000000000000999e-01 6.497522891152157642e-01
5.125000000000000666e-01 6.496661293250580727e-01
5.375000000000000888e-01 6.496527124214175331e-01
5.625000000000001110e-01 6.495719249079978663e-01
5.875000000000000222e-01 6.494935423166752209e-01
6.125000000000000444e-01 6.494174078178633902e-01
6.375000000000000666e-01 6.493433804484557426e-01
6.625000000000000888e-01 6.492713329645634079e-01
6.875000000000001110e-01 6.492011500535636026e-01
7.125000000000001332e-01 6.491327268346062107e-01
7.375000000000000444e-01 6.491361420408346961e-01
7.625000000000000666e-01 6.490709704679338277e-01
7.875000000000000888e-01 6.490072945366802681e-01
8.125000000000001110e-01 6.489450401897095544e-01
8.375000000000001332e-01 6.488841390702628775e-01
8.625000000000001554e-01 6.488245279316586789e-01
8.875000000000001776e-01 6.487661481229519689e-01
9.125000000000000888e-01 6.516158047648700213e-01
9.375000000000001110e-01 6.515618522358445075e-01
9.625000000000001332e-01 6.515089378896361527e-01
9.875000000000001554e-01 6.515274044979070256e-01
1.012500000000000178e+00 6.514764506872608996e-01
1.037500000000000089e+00 6.514264150367131689e-01
1.062500000000000222e+00 6.513772624342796247e-01
1.087500000000000133e+00 6.513289598548617221e-01
1.112500000000000266e+00 6.512814761927773199e-01
1.137500000000000178e+00 6.512347821111112989e-01
1.162500000000000089e+00 6.511888499058688939e-01
1.187500000000000222e+00 6.511436533831944651e-01
1.212500000000000133e+00 6.510991677481550166e-01
1.237500000000000266e+00 6.510553695037880617e-01
1.262500000000000178e+00 6.510828235291321597e-01
1.287500000000000311e+00 6.510403420359902604e-01
1.312500000000000222e+00 6.509984842400391436e-01
1.337500000000000133e+00 6.509572309986485505e-01
1.362500000000000266e+00 6.509165640812003550e-01
1.387500000000000178e+00 6.508764661103455529e-01
1.412500000000000311e+00 6.537478322866522307e-01
1.437500000000000222e+00 6.537103480341839301e-01
1.462500000000000133e+00 6.536733650749571023e-01
1.487500000000000266e+00 6.536368695051051336e-01
1.512500000000000178e+00 6.536008480190289571e-01
1.537500000000000311e+00 6.535652878745893402e-01
1.562500000000000222e+00 6.535301768608452466e-01
1.587500000000000355e+00 6.535662918228246632e-01
1.612500000000000266e+00 6.535320509164044278e-01
1.637500000000000178e+00 6.534982253283654341e-01
1.662500000000000311e+00 6.534648046954043554e-01
1.687500000000000222e+00 6.534317790551230631e-01
1.712500000000000355e+00 6.534018184023598907e-01
1.737500000000000266e+00 6.533798251072506780e-01
1.762500000000000400e+00 6.533580840994884786e-01
1.787500000000000311e+00 6.533365895124605416e-01
1.812500000000000222e+00 6.533153356913893317e-01
1.837500000000000355e+00 6.532943171829976858e-01
1.862500000000000266e+00 6.532735287258074619e-01
1.887500000000000400e+00 6.532529652410276055e-01
1.912500000000000311e+00 6.532326218239845605e-01
1.937500000000000222e+00 6.561832124784423570e-01
1.962500000000000355e+00 6.561636528639740451e-01
1.987500000000000266e+00 6.561442959653859264e-01
2.012500000000000622e+00 6.561251375737393587e-01
2.037500000000000533e+00 6.561061736158564361e-01
2.062500000000000444e+00 6.560874001484077178e-01
2.087500000000000799e+00 6.560688133523259191e-01
2.112500000000000711e+00 6.560504095275205838e-01
2.137500000000000622e+00 6.560321850878771954e-01
2.162500000000000533e+00 6.560141365565196336e-01
2.187500000000000444e+00 6.559962605613212094e-01
2.212500000000000799e+00 6.559785538306480701e-01
2.237500000000000711e+00 6.559610131893203189e-01
2.262500000000000622e+00 6.559436355547771935e-01
2.287500000000000533e+00 6.559264179334354239e-01
2.312500000000000444e+00 6.559805282971969964e-01
2.337500000000000799e+00 6.559636269254685015e-01
2.362500000000000711e+00 6.559468770441722052e-01
2.387500000000000622e+00 6.559302759834088059e-01
2.412500000000000533e+00 6.559138211465254109e-01
2.437500000000000444e+00 6.558975100074090347e-01
2.462500000000000799e+00 6.558813401079064409e-01
2.487500000000000711e+00 6.587416034323619884e-01
2.512500000000000622e+00 6.587259940438739969e-01
2.537500000000000533e+00 6.587105165875796198e-01
2.562500000000000888e+00 6.586951688922519921e-01
2.587500000000000799e+00 6.586799488423935589e-01
2.612500000000000711e+00 6.586648543763128361e-01
2.637500000000000622e+00 6.586498834842846595e-01
2.662500000000000533e+00 6.586350342067889274e-01
2.687500000000000888e+00 6.586203046328269473e-01
2.712500000000000799e+00 6.586056928983059500e-01
2.737500000000000711e+00 6.585911971844939927e-01
2.762500000000000622e+00 6.586481784509422566e-01
2.787500000000000533e+00 6.586339137104051389e-01
2.812500000000000888e+00 6.586197597607623688e-01
2.837500000000000799e+00 6.586057149509738640e-01
2.862500000000000711e+00 6.585917776685202840e-01
2.887500000000000622e+00 6.585779463381985499e-01
2.912500000000000533e+00 6.585642194209649913e-01
2.937500000000000888e+00 6.585505954128225703e-01
2.962500000000000799e+00 6.585370728437528465e-01
2.987500000000000711e+00 6.613756753719405301e-01
3.012500000000000622e+00 6.613625940542973147e-01
3.037500000000000977e+00 6.613496082775757179e-01
3.062500000000000888e+00 6.613367167214988518e-01
3.087500000000000799e+00 6.613239180944930906e-01
3.112500000000000711e+00 6.613112111328540710e-01
3.137500000000000622e+00 6.612985945999441117e-01
3.162500000000000977e+00 6.612860672854183886e-01
3.187500000000000888e+00 6.612736280044786419e-01
3.212500000000000799e+00 6.612612755971545297e-01
3.237500000000000711e+00 6.613205573882094956e-01
3.262500000000000622e+00 6.613083790412661589e-01
3.287500000000000977e+00 6.612962842062872770e-01
3.312500000000000888e+00 6.612842718162323941e-01
3.337500000000000799e+00 6.612723408256497848e-01
3.362500000000000711e+00 6.612604902100958082e-01
3.387500000000000622e+00 6.612487189655742448e-01
3.412500000000000977e+00 6.612370261079947298e-01
3.437500000000000888e+00 6.612254106726478398e-01
3.462500000000000799e+00 6.612138717137001631e-01
3.487500000000000711e+00 6.640302779857343296e-01
3.512500000000001066e+00 6.640191000772466268e-01
3.537500000000000977e+00 6.640079946390483601e-01
3.562500000000000888e+00 6.639969608117060051e-01
3.587500000000000799e+00 6.639859977520760070e-01
3.612500000000000711e+00 6.639751046328978834e-01
3.637500000000001066e+00 6.639642806423984300e-01
3.662500000000000977e+00 6.639535249839102482e-01
3.687500000000000888e+00 6.639428368755004861e-01
3.712500000000000799e+00 6.639322155496132360e-01
3.737500000000000711e+00 6.639933894468216247e-01
3.762500000000001066e+00 6.639829027165669029e-01
3.787500000000000977e+00 6.639724805303174326e-01
3.812500000000000888e+00 6.639621221748654989e-01
3.837500000000000799e+00 6.639518269497405312e-01
3.862500000000000711e+00 6.639415941669113419e-01
3.887500000000001066e+00 6.639314231504972463e-01
3.912500000000000977e+00 6.639213132364883974e-01
3.937500000000000888e+00 6.639112637724717825e-01
3.962500000000000799e+00 6.639012741173693222e-01
3.987500000000001155e+00 6.666953114728140228e-01
4.012500000000001066e+00 6.666856256962158112e-01
4.037500000000000533e+00 6.666759968683146909e-01
4.062500000000000888e+00 6.666664244017330709e-01
4.087500000000001243e+00 6.666569077190372949e-01
4.112500000000000711e+00 6.666474462525201483e-01
4.137500000000001066e+00 6.666380394439896939e-01
4.162500000000001421e+00 6.666286867445632147e-01
4.187500000000000888e+00 6.666193876144665964e-01
4.212500000000001243e+00 6.666101415228411486e-01
4.237500000000000711e+00 6.666009479475527577e-01
4.262500000000001066e+00 6.665918063750095879e-01
4.287500000000001421e+00 6.665827162999822253e-01
4.312500000000000888e+00 6.666456042892560108e-01
4.337500000000001243e+00 6.666366157261569558e-01
4.362500000000000711e+00 6.666276771933440370e-01
4.387500000000001066e+00 6.666187882173434387e-01
4.412500000000001421e+00 6.666099483322194263e-01
4.437500000000000888e+00 6.693812254518617388e-01
4.462500000000001243e+00 6.693726503641910242e-01
4.487500000000000711e+00 6.693641221898549709e-01
4.512500000000001066e+00 6.693556404996711118e-01
4.537500000000001421e+00 6.693472048711526234e-01
4.562500000000000888e+00 6.693388148883776534e-01
4.587500000000001243e+00 6.693304701418610891e-01
4.612500000000000711e+00 6.693221702284313235e-01
4.637500000000001066e+00 6.693139147511083520e-01
4.662500000000001421e+00 6.693057033189860894e-01
4.687500000000000888e+00 6.692975355471173504e-01
4.712500000000001243e+00 6.692894110564021615e-01
4.737500000000000711e+00 6.692813294734771823e-01
4.762500000000001066e+00 6.692732904306107899e-01
4.787500000000001421e+00 6.692652935655977187e-01
4.812500000000000888e+00 6.692573385216581405e-01
4.837500000000001243e+00 6.692494249473389667e-01
4.862500000000000711e+00 6.692415524964175910e-01
4.887500000000001066e+00 6.719903411897044654e-01
4.912500000000001421e+00 6.720547416270715724e-01
4.937500000000000888e+00 6.720471426779811575e-01
4.962500000000001243e+00 6.720395828360143931e-01
4.987500000000000711e+00 6.720320617858280832e-01
5.012500000000001066e+00 6.720245792166946730e-01
5.037500000000001421e+00 6.720171348224227570e-01
5.062500000000000888e+00 6.720097283012791411e-01
5.087500000000001243e+00 6.720023593559124597e-01
5.112500000000001599e+00 6.719950276932794564e-01
5.137500000000001066e+00 6.719877330245722646e-01
5.162500000000001421e+00 6.719804750651473535e-01
5.187500000000000888e+00 6.719732535344570268e-01
5.212500000000001243e+00 6.719660681559814774e-01
5.237500000000001599e+00 6.719589186571628403e-01
5.262500000000001066e+00 6.719518047693409102e-01
5.287500000000001421e+00 6.719447262276905253e-01
5.312500000000000888e+00 6.746711810621175420e-01
5.337500000000001243e+00 6.746643130513877429e-01
5.362500000000001599e+00 6.746574790268334842e-01
5.387500000000001066e+00 6.746506787432589025e-01
5.412500000000001421e+00 6.746439119589484612e-01
5.437500000000000888e+00 6.746371784356123280e-01
5.462500000000001243e+00 6.746304779383347494e-01
5.487500000000001599e+00 6.746238102355228694e-01
5.512500000000001066e+00 6.746171750988565474e-01
5.537500000000001421e+00 6.746105723032389534e-01
5.562500000000000888e+00 6.746040016267501604e-01
5.587500000000001243e+00 6.746696137236545265e-01
5.612500000000001599e+00 6.746631066321342463e-01
5.637500000000001066e+00 6.746566310125768906e-01
5.662500000000001421e+00 6.746501866553107352e-01
5.687500000000000888e+00 6.773543822972243333e-01
5.712500000000001243e+00 6.773481309273209350e-01
5.737500000000001599e+00 6.773419096924060412e-01
5.762500000000001066e+00 6.773357183984047847e-01
5.787500000000001421e+00 6.773295568539871025e-01
5.812500000000000888e+00 6.773234248705314320e-01
5.837500000000001243e+00 6.773173222620871847e-01
5.862500000000001599e+00 6.773112488453409963e-01
5.887500000000001066e+00 6.773052044395804216e-01
5.912500000000001421e+00 6.772991888666612947e-01
5.937500000000000888e+00 6.772932019509743107e-01
5.962500000000001243e+00 6.772872435194128293e-01
5.987500000000001599e+00 6.772813134013417891e-01
6.012500000000001066e+00 6.772754114285659544e-01
6.037500000000001421e+00 6.772695374353012721e-01
6.062500000000001776e+00 6.799519365931139259e-01
6.087500000000001243e+00 6.799462407082804694e-01
6.112500000000001599e+00 6.799405718638176221e-01
6.137500000000001066e+00 6.799349299066554941e-01
6.162500000000001421e+00 6.799293146859559656e-01
6.187500000000001776e+00 6.799237260530899274e-01
6.212500000000001243e+00 6.799181638616121903e-01
6.237500000000001599e+00 6.799126279672362827e-01
6.262500000000001066e+00 6.799071182278115799e-01
6.287500000000001421e+00 6.799738977466630585e-01
6.312500000000001776e+00 6.799684398991185930e-01
6.337500000000001243e+00 6.799630077926623883e-01
6.362500000000001599e+00 6.799576012934638314e-01
6.387500000000001066e+00 6.799522202697195761e-01
6.412500000000001421e+00 6.826131432721656012e-01
6.437500000000001776e+00 6.826079283338271075e-01
6.462500000000001243e+00 6.826027380789567722e-01
6.487500000000001599e+00 6.825975723865199685e-01
6.512500000000001066e+00 6.825924311373841036e-01
6.537500000000001421e+00 6.825873142143015215e-01
6.562500000000001776e+00 6.825822215018929606e-01
6.587500000000001243e+00 6.825771528866313442e-01
6.612500000000001599e+00 6.825721082568269038e-01
6.637500000000001066e+00 6.825670875026114137e-01
6.662500000000001421e+00 6.825620905159238694e-01
6.687500000000001776e+00 6.825571171904969425e-01
6.712500000000001243e+00 6.825521674218426593e-01
6.737500000000001599e+00 6.858122338227568004e-01
6.762500000000001066e+00 6.858075060161989978e-01
6.787500000000001421e+00 6.858028008708297873e-01
6.812500000000001776e+00 6.857981182931109920e-01
6.837500000000001243e+00 6.857934581911829808e-01
6.862500000000001599e+00 6.857888204748546768e-01
6.887500000000001954e+00 6.857842050555931213e-01
6.912500000000001421e+00 6.857796118465142587e-01
6.937500000000001776e+00 6.857750407623739441e-01
6.962500000000001243e+00 6.857704917195591721e-01
6.987500000000001599e+00 6.857659646360799721e-01
7.012500000000001954e+00 6.857614594315617484e-01
7.037500000000001421e+00 6.857569760272377302e-01
7.062500000000001776e+00 6.890643919652345017e-01
7.087500000000001243e+00 6.890601182559957794e-01
7.112500000000001599e+00 6.890558655806722221e-01
7.137500000000001954e+00 6.890516338703134291e-01
7.162500000000001421e+00 6.890474230575135417e-01
7.187500000000001776e+00 6.890432330764062474e-01
7.212500000000001243e+00 6.890390638626612274e-01
7.237500000000001599e+00 6.890349153534807147e-01
7.262500000000001954e+00 6.890307874875964966e-01
7.287500000000001421e+00 6.890266802052664730e-01
7.312500000000001776e+00 6.890225934482729908e-01
7.337500000000001243e+00 6.922327945110636760e-01
7.362500000000001599e+00 6.922289078707025700e-01
7.387500000000001954e+00 6.922250410909782659e-01
7.412500000000001421e+00 6.922211941228364473e-01
7.437500000000001776e+00 6.922173669187132727e-01
7.462500000000001243e+00 6.922135594325360408e-01
7.487500000000001599e+00 6.922097716197245232e-01
7.512500000000001954e+00 6.922060034371922965e-01
7.537500000000001421e+00 6.922022548433486300e-01
7.562500000000001776e+00 6.921985257981013717e-01
7.587500000000001243e+00 6.921948162628593915e-01
7.612500000000001599e+00 6.953807434408916244e-01
7.637500000000001954e+00 6.953772254620798066e-01
7.662500000000001421e+00 6.953737264235591020e-01
7.687500000000001776e+00 6.953702462955422270e-01
7.712500000000001243e+00 6.953667850497389225e-01
7.737500000000001599e+00 6.953633426593632816e-01
7.762500000000001954e+00 6.953599190991393009e-01
7.787500000000001421e+00 6.953565143453083186e-01
7.812500000000001776e+00 6.953531283756365644e-01
7.837500000000002132e+00 6.953497611694229308e-01
7.862500000000001599e+00 6.953464127075079659e-01
7.887500000000001954e+00 6.985811020645519287e-01
7.912500000000001421e+00 6.985779375498182286e-01
7.937500000000001776e+00 6.985747913008200083e-01
7.962500000000002132e+00 6.985716633071443749e-01
7.987500000000001599e+00 6.985685535599494012e-01
8.012500000000001066e+00 6.985654620519764491e-01
8.037500000000001421e+00 6.985623887775630481e-01
8.062500000000000000e+00 6.985593337326565511e-01
8.087500000000000355e+00 6.985562969148280121e-01
8.112500000000000711e+00 6.985532783232872855e-01
8.137500000000001066e+00 7.016921226667640621e-01
8.162500000000001421e+00 7.016892817175330865e-01
8.187500000000000000e+00 7.016864585989026626e-01
8.212500000000000355e+00 7.016836533190585756e-01
8.237500000000000711e+00 7.016808658878903593e-01
8.262500000000001066e+00 7.016780963170103913e-01
8.287500000000001421e+00 7.016753446197735444e-01
8.312500000000001776e+00 7.016726108112983917e-01
8.337500000000000355e+00 7.016698949084888559e-01
8.362500000000000711e+00 7.047857534525842071e-01
8.387500000000001066e+00 7.047832099798072569e-01
8.412500000000001421e+00 7.047806840937141937e-01
8.437500000000001776e+00 7.047781758206627112e-01
8.462500000000000355e+00 7.047756851888989926e-01
8.487500000000000711e+00 7.047732122285856882e-01
8.512500000000001066e+00 7.047707569718292264e-01
8.537500000000001421e+00 7.047683194527099015e-01
8.562500000000001776e+00 7.078615590259937917e-01
8.587500000000000355e+00 7.078592896387053690e-01
8.612500000000000711e+00 7.078570377417845449e-01
8.637500000000001066e+00 7.078548033794513916e-01
8.662500000000001421e+00 7.078525865980460630e-01
8.687500000000001776e+00 7.078503874460648770e-01
8.712500000000000355e+00 7.078482059741976196e-01
8.737500000000000711e+00 7.078460422353660686e-01
8.762500000000001066e+00 7.109897729109078135e-01
8.787500000000001421e+00 7.109877735307447155e-01
8.812500000000001776e+00 7.109857917121922277e-01
8.837500000000000355e+00 7.109838275193157697e-01
8.862500000000000711e+00 7.109818810186139260e-01
8.887500000000001066e+00 7.109799522790652970e-01
8.912500000000001421e+00 7.109780413721786818e-01
8.937500000000001776e+00 7.109761483720432595e-01
8.962500000000000355e+00 7.140256562379494465e-01
8.987500000000000711e+00 7.140239243673478509e-01
9.012500000000001066e+00 7.140222103142670473e-01
9.037500000000001421e+00 7.140205141653447329e-01
9.062500000000001776e+00 7.140188360100699905e-01
9.087500000000000355e+00 7.140171759408457941e-01
9.112500000000000711e+00 7.140155340530539574e-01
9.137500000000001066e+00 7.170437553942321518e-01
9.162500000000001421e+00 7.170422720913607328e-01
9.187500000000001776e+00 7.170408069609072177e-01
9.212500000000000355e+00 7.170393601124466221e-01
9.237500000000000711e+00 7.170379316588825214e-01
9.262500000000001066e+00 7.170365217165278748e-01
9.287500000000001421e+00 7.170351304051880703e-01
9.312500000000001776e+00 7.200425297087184040e-01
9.337500000000000355e+00 7.200412949273889973e-01
9.362500000000000711e+00 7.200400788575976874e-01
9.387500000000001066e+00 7.200388816355008936e-01
9.412500000000001421e+00 7.200377034012002131e-01
9.437500000000001776e+00 7.200365442988457820e-01
9.462500000000000355e+00 7.233529959238845786e-01
9.487500000000000711e+00 7.233519985200915769e-01
9.512500000000001066e+00 7.233510203994698573e-01
9.537500000000001421e+00 7.233500617249712938e-01
9.562500000000001776e+00 7.233491226641632910e-01
9.587500000000000355e+00 7.233482033893584573e-01
9.612500000000000711e+00 7.266100835523220391e-01
9.637500000000001066e+00 7.266093235258953564e-01
9.662500000000001421e+00 7.266085835394199277e-01
9.687500000000001776e+00 7.266078637869871626e-01
9.712500000000000355e+00 7.266798803264113982e-01
9.737500000000000711e+00 7.266792016463410331e-01
9.762500000000001066e+00 7.298498572159115572e-01
9.787500000000001421e+00 7.298493345399065246e-01
9.812500000000001776e+00 7.298488328771441935e-01
9.837500000000000355e+00 7.298483524583562199e-01
9.862500000000000711e+00 7.298478935208035923e-01
9.887500000000001066e+00 7.298474563084837996e-01
9.912500000000001421e+00 7.329306780086589646e-01
9.937500000000001776e+00 7.329303943226251894e-01
9.962500000000000355e+00 7.329301328751245403e-01
9.987500000000000711e+00 7.329298939405620716e-01
1.001250000000000107e+01 7.329296778012406310e-01
1.003750000000000142e+01 7.359289233669721320e-01
1.006250000000000178e+01 7.359288587513027613e-01
1.008750000000000213e+01 7.359288175796004916e-01
1.011250000000000071e+01 7.359288001696751014e-01
1.013750000000000107e+01 7.388473448800844112e-01
1.016250000000000142e+01 7.388474772308404326e-01
1.018750000000000178e+01 7.388476341170153727e-01
1.021250000000000213e+01 7.388478158968871945e-01
1.023750000000000071e+01 7.388480229394734922e-01
1.026250000000000107e+01 7.416892167023426685e-01
1.028750000000000142e+01 7.416895728166478241e-01
1.031250000000000178e+01 7.416899551435957028e-01
1.033750000000000213e+01 7.416903641003140812e-01
1.036250000000000071e+01 7.444571400082017343e-01
1.038750000000000107e+01 7.444576974784454793e-01
1.041250000000000142e+01 7.444582826935415287e-01
1.043750000000000178e+01 7.444588961262692539e-01
1.046250000000000213e+01 7.471541557443466264e-01
1.048750000000000071e+01 7.471549177589453805e-01
1.051250000000000107e+01 7.471557092958193147e-01
1.053750000000000142e+01 7.471565308925700588e-01
1.056250000000000178e+01 7.497830288118152442e-01
1.058750000000000213e+01 7.497839997484512242e-01
1.061250000000000071e+01 7.497850022691104899e-01
1.063750000000000107e+01 7.497860369874477238e-01
1.066250000000000142e+01 7.523463903156945021e-01
1.068750000000000178e+01 7.523475759019681020e-01
1.071250000000000213e+01 7.524216252682200956e-01
1.073750000000000071e+01 7.549182051761632595e-01
1.076250000000000107e+01 7.549195767081526842e-01
1.078750000000000142e+01 7.549209842226897171e-01
1.081250000000000178e+01 7.549224285020629255e-01
1.083750000000000213e+01 7.573577200512057184e-01
1.086250000000000071e+01 7.573593194632302072e-01
1.088750000000000107e+01 7.573609579885596244e-01
1.091250000000000142e+01 7.599460550694269179e-01
1.093750000000000178e+01 7.599478164050802453e-01
1.096250000000000213e+01 7.599496195827019074e-01
1.098750000000000071e+01 7.624725220876715781e-01
1.101250000000000107e+01 7.624744525853893728e-01
1.103750000000000142e+01 7.624764279997802152e-01
1.106250000000000178e+01 7.649393699432684990e-01
1.108750000000000213e+01 7.649414779853134227e-01
1.111250000000000071e+01 7.673465021492796856e-01
1.113750000000000107e+01 7.673487464979330541e-01
1.116250000000000142e+01 7.673510417859693566e-01
1.118750000000000178e+01 7.697002667406083187e-01
1.121250000000000213e+01 7.697027052664169311e-01
1.123750000000000071e+01 7.697051990358292350e-01
1.126250000000000107e+01 7.720005666356758445e-01
1.128750000000000142e+01 7.720032117540231997e-01
1.131250000000000178e+01 7.742464811269507141e-01
1.133750000000000213e+01 7.742492834380866329e-01
1.136250000000000071e+01 7.764422224807683293e-01
1.138750000000000107e+01 7.764451885388711228e-01
1.141250000000000142e+01 7.785894876873877823e-01
1.143750000000000178e+01 7.785926248419152707e-01
1.146250000000000213e+01 7.806899014527952652e-01
1.148750000000000071e+01 7.806932179480378098e-01
1.151250000000000107e+01 7.828152528929898102e-01
1.153750000000000142e+01 7.828187403032264013e-01
1.156250000000000178e+01 7.848952151594356108e-01
1.158750000000000213e+01 7.848988844189483949e-01
1.161250000000000071e+01 7.869312716973138055e-01
1.163750000000000107e+01 7.869351350365774156e-01
1.166250000000000142e+01 7.889248471620725622e-01
1.168750000000000178e+01 7.908731240945953145e-01
1.171250000000000213e+01 7.908773110294509134e-01
1.173750000000000071e+01 7.927855625902153758e-01
1.176250000000000107e+01 7.946767472132076904e-01
1.178750000000000142e+01 7.947542645151207674e-01
1.181250000000000178e+01 7.966075022571498243e-01
1.183750000000000213e+01 7.984237919165124708e-01
1.186250000000000071e+01 7.984288198597060404e-01
1.188750000000000107e+01 8.002350006728640164e-01
1.191250000000000142e+01 8.020057836261340611e-01
1.193750000000000178e+01 8.037422128490711026e-01
1.196250000000000213e+01 8.054452930980210423e-01
1.198750000000000249e+01 8.071159917052814770e-01
1.201250000000000107e+01 8.087552404275165641e-01
1.203750000000000142e+01 8.104065986756842088e-01
1.206250000000000178e+01 8.104128154932085382e-01
1.208750000000000213e+01 8.136310422955334021e-01
1.211250000000000249e+01 8.152055269998100817e-01
1.213750000000000107e+01 8.167518325801643719e-01
1.216250000000000142e+01 8.182707358869953929e-01
1.218750000000000178e+01 8.197629880922322476e-01
1.221250000000000213e+01 8.212293160418845384e-01
1.223750000000000249e+01 8.240787333396508707e-01
1.226250000000000107e+01 8.254710895620729350e-01
1.228750000000000142e+01 8.282287803638799240e-01
1.231250000000000178e+01 8.296030577313675547e-01
1.233750000000000213e+01 8.322755212206768283e-01
1.236250000000000249e+01 8.335841928830626246e-01
1.238750000000000107e+01 8.361295104396133659e-01
1.241250000000000142e+01 8.385950199292686591e-01
1.243750000000000178e+01 8.409845116551298849e-01
1.246250000000000213e+01 8.433015532988035190e-01
1.248750000000000249e+01 8.466420343957592465e-01
1.251250000000000107e+01 8.487918692007558885e-01
1.253750000000000142e+01 8.519967828768311158e-01
1.256250000000000178e+01 8.551168640090663908e-01
1.258750000000000213e+01 8.581086830693971379e-01
1.261250000000000249e+01 8.609802544876320463e-01
1.263750000000000107e+01 8.646282213160879637e-01
1.266250000000000142e+01 8.680903645417437087e-01
1.268750000000000178e+01 8.721726999881220799e-01
1.271250000000000213e+01 8.760867534097103171e-01
1.273750000000000249e+01 8.812046059698294131e-01
1.276250000000000107e+01 8.859267438590321397e-01
1.278750000000000142e+01 8.908980270288238135e-01
1.281250000000000178e+01 8.965928496021928762e-01
1.283750000000000213e+01 9.027087234067083799e-01
1.286250000000000249e+01 9.095140531820379293e-01
1.288750000000000107e+01 9.176486010132645088e-01
1.291250000000000142e+01 9.269742965745696450e-01
1.293750000000000178e+01 9.388975718739248633e-01
1.296250000000000213e+01 9.571264736977815879e-01
1.298750000000000249e+01 1.000000000000000000e+00
