# t[Gyr], [Fe/H]
1.250000000000000069e-02 -7.546420669426944228e-01
3.750000000000000555e-02 -7.807088170058162913e-01
6.250000000000001388e-02 -7.970095006643342916e-01
8.750000000000000833e-02 -8.096338483544459619e-01
1.125000000000000167e-01 -8.202080486687877148e-01
1.375000000000000389e-01 -8.294415762288688265e-01
1.625000000000000333e-01 -8.377162925294359130e-01
1.875000000000000555e-01 -8.452644285409360858e-01
2.125000000000000500e-01 -8.522391212405791006e-01
2.375000000000000444e-01 -8.587473681361852407e-01
2.625000000000000666e-01 -8.648672572987972096e-01
2.875000000000000888e-01 -8.706577506416731671e-01
3.125000000000000555e-01 -8.761646021978500842e-01
3.375000000000000777e-01 -8.814241230249840742e-01
3.625000000000000999e-01 -8.864656764366148911e-01
3.875000000000000666e-01 -8.913133890510258617e-01
4.125000000000000888e-01 -8.959873583709618838e-01
4.375000000000001110e-01 -9.005045263147620771e-01
4.625000000000000777e-01 -9.048793247529923756e-01
4.875000000000000999e-01 -9.091241615625846872e-01
5.125000000000000666e-01 -9.132497926901360641e-01
5.375000000000000888e-01 -9.172656111693864300e-01
5.625000000000001110e-01 -9.211798745988566406e-01
5.875000000000000222e-01 -9.249998863147079753e-01
6.125000000000000444e-01 -9.287321412388901409e-01
6.375000000000000666e-01 -9.323824444401387357e-01
6.625000000000000888e-01 -9.359560083751942150e-01
6.875000000000001110e-01 -9.394575332981555116e-01
7.125000000000001332e-01 -9.428912742533712699e-01
7.375000000000000444e-01 -9.462610972794730513e-01
7.625000000000000666e-01 -9.495705268664658139e-01
7.875000000000000888e-01 -9.528227862674674142e-01
8.125000000000001110e-01 -9.560208319321976678e-01
8.375000000000001332e-01 -9.591673830727760475e-01
8.625000000000001554e-01 -9.622649471738471405e-01
8.875000000000001776e-01 -9.653158421041151405e-01
9.125000000000000888e-01 -9.683222153645048014e-01
9.375000000000001110e-01 -9.712860609115985255e-01
9.625000000000001332e-01 -9.742092339179634353e-01
9.875000000000001554e-01 -9.770934637691042202e-01
1.012500000000000178e+00 -9.799403655467850971e-01
1.037500000000000089e+00 -9.827514502078323888e-01
1.062500000000000222e+00 -9.855281336343193477e-01
1.087500000000000133e+00 -9.882717447037570047e-01
1.112500000000000266e+00 -9.909835325053906185e-01
1.137500000000000178e+00 -9.936646728100213544e-01
1.162500000000000089e+00 -9.963162738852042732e-01
1.187500000000000222e+00 -9.989393817346496895e-01
1.212500000000000133e+00 -1.001534984829710373e+00
1.237500000000000266e+00 -1.004104018391603237e+00
1.262500000000000178e+00 -1.006647368275203291e+00
1.287500000000000311e+00 -1.009165874498599846e+00
1.312500000000000222e+00 -1.011660334456952803e+00
1.337500000000000133e+00 -1.014131505854334758e+00
1.362500000000000266e+00 -1.016580109383095287e+00
1.387500000000000178e+00 -1.019006831176706207e+00
1.412500000000000311e+00 -1.021412325058957293e+00
1.437500000000000222e+00 -1.023797214609707407e+00
1.462500000000000133e+00 -1.026162095065063617e+00
1.487500000000000266e+00 -1.028507535067860745e+00
1.512500000000000178e+00 -1.030834078282538924e+00
1.537500000000000311e+00 -1.033142244886985139e+00
1.562500000000000222e+00 -1.035432532952554219e+00
1.587500000000000355e+00 -1.037705419722299904e+00
1.612500000000000266e+00 -1.039961362796402611e+00
1.637500000000000178e+00 -1.042200801232865182e+00
1.662500000000000311e+00 -1.044424156570722850e+00
1.687500000000000222e+00 -1.046631833782310839e+00
1.712500000000000355e+00 -1.048824222160475106e+00
1.737500000000000266e+00 -1.051001696146057762e+00
1.762500000000000400e+00 -1.053164616100476181e+00
1.787500000000000311e+00 -1.055313329027761426e+00
1.812500000000000222e+00 -1.057448169250021719e+00
1.837500000000000355e+00 -1.059569459039939154e+00
1.862500000000000266e+00 -1.061677509213569071e+00
1.887500000000000400e+00 -1.063772619686441878e+00
1.912500000000000311e+00 -1.065855079995684740e+00
1.937500000000000222e+00 -1.067925169790664874e+00
1.962500000000000355e+00 -1.069983159294421116e+00
1.987500000000000266e+00 -1.072029309737984049e+00
2.012500000000000622e+00 -1.074063873769488087e+00
2.037500000000000533e+00 -1.076087095839840524e+00
2.062500000000000444e+00 -1.078099212566553611e+00
2.087500000000000799e+00 -1.080100453077232459e+00
2.112500000000000711e+00 -1.082091039334081017e+00
2.137500000000000622e+00 -1.084071186440688006e+00
2.162500000000000533e+00 -1.086041102932258084e+00
2.187500000000000444e+00 -1.088000991050356969e+00
2.212500000000000799e+00 -1.089951047003170581e+00
2.237500000000000711e+00 -1.091891461212191272e+00
2.262500000000000622e+00 -1.093822418546186004e+00
2.287500000000000533e+00 -1.095744098543232070e+00
2.312500000000000444e+00 -1.097656675621553557e+00
2.337500000000000799e+00 -1.099560319279843323e+00
2.362500000000000711e+00 -1.101455194287688233e+00
2.387500000000000622e+00 -1.103341460866702262e+00
2.412500000000000533e+00 -1.105219274862902390e+00
2.437500000000000444e+00 -1.107088787910837313e+00
2.462500000000000799e+00 -1.108950147589951252e+00
2.487500000000000711e+00 -1.110803497573616294e+00
2.512500000000000622e+00 -1.112648977771253600e+00
2.537500000000000533e+00 -1.114486724463926048e+00
2.562500000000000888e+00 -1.116316870433764485e+00
2.587500000000000799e+00 -1.118139545087563969e+00
2.612500000000000711e+00 -1.119954874574871750e+00
2.637500000000000622e+00 -1.121762981900853440e+00
2.662500000000000533e+00 -1.123563987034222889e+00
2.687500000000000888e+00 -1.125358007010495154e+00
2.712500000000000799e+00 -1.127145156030802120e+00
2.737500000000000711e+00 -1.128925545556507259e+00
2.762500000000000622e+00 -1.130699284399827587e+00
2.787500000000000533e+00 -1.132466478810671529e+00
2.812500000000000888e+00 -1.134227232559882559e+00
2.837500000000000799e+00 -1.135981647019062457e+00
2.862500000000000711e+00 -1.137729821237151828e+00
2.887500000000000622e+00 -1.139471852013920650e+00
2.912500000000000533e+00 -1.141207833970519614e+00
2.937500000000000888e+00 -1.142937859617240148e+00
2.962500000000000799e+00 -1.144662019418606125e+00
2.987500000000000711e+00 -1.146380401855932929e+00
3.012500000000000622e+00 -1.148093093487468908e+00
3.037500000000000977e+00 -1.149800179006231327e+00
3.062500000000000888e+00 -1.151501741295644976e+00
3.087500000000000799e+00 -1.153197861483083564e+00
3.112500000000000711e+00 -1.154888618991409821e+00
3.137500000000000622e+00 -1.156574091588603137e+00
3.162500000000000977e+00 -1.158254355435561100e+00
3.187500000000000888e+00 -1.159929485132157989e+00
3.212500000000000799e+00 -1.161599553761632819e+00
3.237500000000000711e+00 -1.163264632933384224e+00
3.262500000000000622e+00 -1.164924792824237887e+00
3.287500000000000977e+00 -1.166580102218255366e+00
3.312500000000000888e+00 -1.168230628545142924e+00
3.337500000000000799e+00 -1.169876437917323875e+00
3.362500000000000711e+00 -1.171517595165727288e+00
3.387500000000000622e+00 -1.173154163874347677e+00
3.412500000000000977e+00 -1.174786206413629630e+00
3.437500000000000888e+00 -1.176413783972717786e+00
3.462500000000000799e+00 -1.178036956590630346e+00
3.487500000000000711e+00 -1.179655783186386531e+00
3.512500000000001066e+00 -1.181270321588142380e+00
3.537500000000000977e+00 -1.182880628561364666e+00
3.562500000000000888e+00 -1.184486759836088643e+00
3.587500000000000799e+00 -1.186088770133290282e+00
3.612500000000000711e+00 -1.187686713190409860e+00
3.637500000000001066e+00 -1.189280641786061965e+00
3.662500000000000977e+00 -1.190870607763959033e+00
3.687500000000000888e+00 -1.192456662056081251e+00
3.712500000000000799e+00 -1.194038854705121500e+00
3.737500000000000711e+00 -1.195617234886233282e+00
3.762500000000001066e+00 -1.197191850928104540e+00
3.787500000000000977e+00 -1.198762750333385974e+00
3.812500000000000888e+00 -1.200329979798498758e+00
3.837500000000000799e+00 -1.201893585232837847e+00
3.862500000000000711e+00 -1.203453611777401733e+00
3.887500000000001066e+00 -1.205010103822864664e+00
3.912500000000000977e+00 -1.206563105027109506e+00
3.937500000000000888e+00 -1.208112658332246570e+00
3.962500000000000799e+00 -1.209658805981131735e+00
3.987500000000001155e+00 -1.211201589533403400e+00
