# t[Gyr], fraction in stars and remnants
1.250000000000000069e-02 6.471403865098575015e-01
3.750000000000000555e-02 6.466551471366510651e-01
6.250000000000001388e-02 6.462779885703905380e-01
8.750000000000000833e-02 6.488235578745438215e-01
1.125000000000000167e-01 6.486452634440000864e-01
1.375000000000000389e-01 6.484273792380191859e-01
1.625000000000000333e-01 6.482314504256487808e-01
1.875000000000000555e-01 6.480526162691191416e-01
2.125000000000000500e-01 6.479571042044128815e-01
2.375000000000000444e-01 6.478035201502896356e-01
2.625000000000000666e-01 6.476596032356305432e-01
2.875000000000000888e-01 6.475239986776979428e-01
3.125000000000000555e-01 6.473956379356999857e-01
3.375000000000000777e-01 6.473434086140982258e-01
3.625000000000000999e-01 6.472271291369467994e-01
3.875000000000000666e-01 6.471159412676485978e-01
4.125000000000000888e-01 6.498982758136078175e-01
4.375000000000001110e-01 6.497996300511301726e-01
4.625000000000000777e-01 6.497046616488760806e-01
4.875000000000000999e-01 6.496830289695307847e-01
5.125000000000000666e-01 6.495945641077277566e-01
5.375000000000000888e-01 6.495089794712144426e-01
5.625000000000001110e-01 6.494260700548967202e-01
5.875000000000000222e-01 6.493456534159588456e-01
6.125000000000000444e-01 6.492675663629113858e-01
6.375000000000000666e-01 6.491916622435713879e-01
6.625000000000000888e-01 6.491178087046556300e-01
6.875000000000001110e-01 6.491160636027659692e-01
7.125000000000001332e-01 6.490459745000335401e-01
7.375000000000000444e-01 6.489776072094494141e-01
7.625000000000000666e-01 6.489108706728823339e-01
7.875000000000000888e-01 6.488456813003324886e-01
8.125000000000001110e-01 6.487819621473237541e-01
8.375000000000001332e-01 6.487196422049383848e-01
8.625000000000001554e-01 6.515673764981713134e-01
8.875000000000001776e-01 6.515099237969965706e-01
9.125000000000000888e-01 6.515240271710505127e-01
9.375000000000001110e-01 6.514688743949550442e-01
9.625000000000001332e-01 6.514147937491197027e-01
9.875000000000001554e-01 6.513617410434573429e-01
1.012500000000000178e+00 6.513096749128922669e-01
1.037500000000000089e+00 6.512585565739346105e-01
1.062500000000000222e+00 6.512083496074585476e-01
1.087500000000000133e+00 6.511590197643297717e-01
1.112500000000000266e+00 6.511105347910111085e-01
1.137500000000000178e+00 6.510628642726994375e-01
1.162500000000000089e+00 6.510865656887050434e-01
1.187500000000000222e+00 6.510404478708688991e-01
1.212500000000000133e+00 6.509950628165229736e-01
1.237500000000000266e+00 6.509503861843811690e-01
1.262500000000000178e+00 6.509063948860136506e-01
1.287500000000000311e+00 6.508630669987872652e-01
1.312500000000000222e+00 6.508203816863868951e-01
1.337500000000000133e+00 6.507783191261296007e-01
1.362500000000000266e+00 6.507368604423774405e-01
1.387500000000000178e+00 6.536123325549487717e-01
1.412500000000000311e+00 6.535736033298313874e-01
1.437500000000000222e+00 6.535354051316071278e-01
1.462500000000000133e+00 6.535685106507395092e-01
1.487500000000000266e+00 6.535313370787081411e-01
1.512500000000000178e+00 6.534946512449641975e-01
1.537500000000000311e+00 6.534584399713476710e-01
1.562500000000000222e+00 6.534226906306928040e-01
1.587500000000000355e+00 6.533930783711432433e-01
1.612500000000000266e+00 6.533693018639508132e-01
1.637500000000000178e+00 6.533458186195958417e-01
1.662500000000000311e+00 6.533226212911873443e-01
1.687500000000000222e+00 6.532997028169820197e-01
1.712500000000000355e+00 6.532770564054424245e-01
1.737500000000000266e+00 6.532546755212795819e-01
1.762500000000000400e+00 6.532325538724008673e-01
1.787500000000000311e+00 6.532816678134386601e-01
1.812500000000000222e+00 6.532600527323163542e-01
1.837500000000000355e+00 6.532386792849167456e-01
1.862500000000000266e+00 6.532175420386908682e-01
1.887500000000000400e+00 6.560978584022518767e-01
1.912500000000000311e+00 6.560775433938749179e-01
1.937500000000000222e+00 6.560574455862873133e-01
1.962500000000000355e+00 6.560375603343657769e-01
1.987500000000000266e+00 6.560178831469312133e-01
2.012500000000000622e+00 6.559984096798668896e-01
2.037500000000000533e+00 6.559791357296251846e-01
2.062500000000000444e+00 6.559600572270923857e-01
2.087500000000000799e+00 6.559411702317925474e-01
2.112500000000000711e+00 6.559224709264057651e-01
2.137500000000000622e+00 6.559751271020263230e-01
2.162500000000000533e+00 6.559567974544320279e-01
2.187500000000000444e+00 6.559386446839718943e-01
2.212500000000000799e+00 6.559206654176716889e-01
2.237500000000000711e+00 6.559028563823238178e-01
2.262500000000000622e+00 6.558852144005120621e-01
2.287500000000000533e+00 6.558677363868357091e-01
2.312500000000000444e+00 6.558504193443215335e-01
2.337500000000000799e+00 6.558332603610117495e-01
2.362500000000000711e+00 6.558162566067169408e-01
2.387500000000000622e+00 6.557994053299264214e-01
2.412500000000000533e+00 6.586604126366455425e-01
2.437500000000000444e+00 6.586441549347200608e-01
2.462500000000000799e+00 6.586280394006200911e-01
2.487500000000000711e+00 6.586120636125118999e-01
2.512500000000000622e+00 6.585962252126975613e-01
2.537500000000000533e+00 6.586518823439507786e-01
2.562500000000000888e+00 6.586363164751196653e-01
2.587500000000000799e+00 6.586208812470284446e-01
2.612500000000000711e+00 6.586055745372958459e-01
2.637500000000000622e+00 6.585903942772157738e-01
2.662500000000000533e+00 6.585753384499338781e-01
2.687500000000000888e+00 6.585604050887039485e-01
2.712500000000000799e+00 6.585455922752163627e-01
2.737500000000000711e+00 6.585308981379982551e-01
2.762500000000000622e+00 6.585163208508788557e-01
2.787500000000000533e+00 6.585018586315201095e-01
2.812500000000000888e+00 6.584875097400049171e-01
2.837500000000000799e+00 6.584732724774852164e-01
2.862500000000000711e+00 6.584591451848826882e-01
2.887500000000000622e+00 6.584451262416416428e-01
2.912500000000000533e+00 6.584312140645318667e-01
2.937500000000000888e+00 6.612712795491355600e-01
2.962500000000000799e+00 6.612578255591974319e-01
2.987500000000000711e+00 6.613160203343766419e-01
3.012500000000000622e+00 6.613027698484074124e-01
3.037500000000000977e+00 6.612896169859274753e-01
3.062500000000000888e+00 6.612765603897736710e-01
3.087500000000000799e+00 6.612635987323873810e-01
3.112500000000000711e+00 6.612507307149517732e-01
3.137500000000000622e+00 6.612379550665619110e-01
3.162500000000000977e+00 6.612252705434247257e-01
3.187500000000000888e+00 6.612126759280876342e-01
3.212500000000000799e+00 6.612001700286959105e-01
3.237500000000000711e+00 6.611877516782751485e-01
3.262500000000000622e+00 6.611754197340400374e-01
3.287500000000000977e+00 6.611631730767276727e-01
3.312500000000000888e+00 6.611510106099522943e-01
3.337500000000000799e+00 6.611389312595854495e-01
3.362500000000000711e+00 6.611269339731544736e-01
3.387500000000000622e+00 6.611150177192631761e-01
3.412500000000000977e+00 6.611031814870313994e-01
3.437500000000000888e+00 6.639212387980272245e-01
3.462500000000000799e+00 6.639815065719675280e-01
3.487500000000000711e+00 6.639701226829511915e-01
3.512500000000001066e+00 6.639588136248021355e-01
3.537500000000000977e+00 6.639475784980839457e-01
3.562500000000000888e+00 6.639364164205714403e-01
3.587500000000000799e+00 6.639253265268162396e-01
3.612500000000000711e+00 6.639143079677263248e-01
3.637500000000001066e+00 6.639033599101564764e-01
3.662500000000000977e+00 6.638924815365158105e-01
3.687500000000000888e+00 6.638816720443838637e-01
3.712500000000000799e+00 6.638709306461402226e-01
3.737500000000000711e+00 6.638602565686068102e-01
3.762500000000001066e+00 6.638496490526981653e-01
3.787500000000000977e+00 6.638391073530858222e-01
3.812500000000000888e+00 6.638286307378707951e-01
3.837500000000000799e+00 6.638182184882662762e-01
3.862500000000000711e+00 6.638078698982904369e-01
3.887500000000001066e+00 6.637975842744681110e-01
3.912500000000000977e+00 6.665931536970562954e-01
3.937500000000000888e+00 6.665831831904264204e-01
3.962500000000000799e+00 6.665732725850742613e-01
3.987500000000001155e+00 6.666353483102746003e-01
4.012500000000001066e+00 6.666255556147696604e-01
4.037500000000000533e+00 6.666158209494786879e-01
4.062500000000000888e+00 6.666061437119565891e-01
4.087500000000001243e+00 6.665965233099881981e-01
4.112500000000000711e+00 6.665869591613643452e-01
4.137500000000001066e+00 6.665774506936621435e-01
4.162500000000001421e+00 6.665679973440334916e-01
4.187500000000000888e+00 6.665585985589992379e-01
4.212500000000001243e+00 6.665492537942470097e-01
4.237500000000000711e+00 6.665399625144378115e-01
4.262500000000001066e+00 6.665307241930148452e-01
4.287500000000001421e+00 6.665215383120198789e-01
4.312500000000000888e+00 6.665124043619135019e-01
4.337500000000001243e+00 6.665033218413995986e-01
4.362500000000000711e+00 6.692762488676303745e-01
4.387500000000001066e+00 6.692674398964038041e-01
4.412500000000001421e+00 6.692586800343326425e-01
4.437500000000000888e+00 6.692499688201082320e-01
4.462500000000001243e+00 6.692413057997277370e-01
4.487500000000000711e+00 6.692326905263485948e-01
4.512500000000001066e+00 6.692241225601458510e-01
4.537500000000001421e+00 6.692876402817966586e-01
4.562500000000000888e+00 6.692791656378553888e-01
4.587500000000001243e+00 6.692707370223566210e-01
4.612500000000000711e+00 6.692623540221978029e-01
4.637500000000001066e+00 6.692540162306360729e-01
4.662500000000001421e+00 6.692457232471676898e-01
4.687500000000000888e+00 6.692374746774084615e-01
4.712500000000001243e+00 6.692292701329788374e-01
4.737500000000000711e+00 6.692211092313909981e-01
4.762500000000001066e+00 6.692129915959389441e-01
4.787500000000001421e+00 6.692049168555911365e-01
4.812500000000000888e+00 6.719554460773630167e-01
4.837500000000001243e+00 6.719476123717171845e-01
4.862500000000000711e+00 6.719398197614727675e-01
4.887500000000001066e+00 6.719320679038699451e-01
4.912500000000001421e+00 6.719243564612349395e-01
4.937500000000000888e+00 6.719166851008888663e-01
4.962500000000001243e+00 6.719090534950595828e-01
4.987500000000000711e+00 6.719014613207952014e-01
5.012500000000001066e+00 6.718939082598802681e-01
5.037500000000001421e+00 6.718863939987529399e-01
5.062500000000000888e+00 6.718789182284250483e-01
5.087500000000001243e+00 6.718714806444041621e-01
5.112500000000001599e+00 6.718640809466162045e-01
5.137500000000001066e+00 6.718567188393314016e-01
5.162500000000001421e+00 6.719215449041469057e-01
5.187500000000000888e+00 6.719142571076930359e-01
5.212500000000001243e+00 6.719070060398972810e-01
5.237500000000001599e+00 6.746352675215725458e-01
5.262500000000001066e+00 6.746282326714441169e-01
5.287500000000001421e+00 6.746212331115268857e-01
5.312500000000000888e+00 6.746142685797470451e-01
5.337500000000001243e+00 6.746073388177704633e-01
5.362500000000001599e+00 6.746004435709437308e-01
5.387500000000001066e+00 6.745935825882357628e-01
5.412500000000001421e+00 6.745867556221819550e-01
5.437500000000000888e+00 6.745799624288282281e-01
5.462500000000001243e+00 6.745732027676775155e-01
5.487500000000001599e+00 6.745664764016368053e-01
5.512500000000001066e+00 6.745597830969659592e-01
5.537500000000001421e+00 6.745531226232269750e-01
5.562500000000000888e+00 6.745464947532349154e-01
5.587500000000001243e+00 6.745398992630100565e-01
5.612500000000001599e+00 6.745333359317308153e-01
5.637500000000001066e+00 6.772395486758013838e-01
5.662500000000001421e+00 6.772331821582810996e-01
5.687500000000000888e+00 6.772268466232013173e-01
5.712500000000001243e+00 6.772205418661401133e-01
5.737500000000001599e+00 6.772142676855645860e-01
5.762500000000001066e+00 6.772080238827898890e-01
5.787500000000001421e+00 6.772018102619403734e-01
5.812500000000000888e+00 6.772678898732740205e-01
5.837500000000001243e+00 6.772617360396949726e-01
5.862500000000001599e+00 6.772556118168920891e-01
5.887500000000001066e+00 6.772495170198531422e-01
5.912500000000001421e+00 6.772434514661924698e-01
5.937500000000000888e+00 6.772374149761172246e-01
5.962500000000001243e+00 6.772314073723939565e-01
5.987500000000001599e+00 6.799156940219730494e-01
6.012500000000001066e+00 6.799098685976391332e-01
6.037500000000001421e+00 6.799040710694497225e-01
6.062500000000001776e+00 6.798983012736384834e-01
6.087500000000001243e+00 6.798925590488033022e-01
6.112500000000001599e+00 6.798868442358785291e-01
6.137500000000001066e+00 6.798811566781076676e-01
6.162500000000001421e+00 6.798754962210158403e-01
6.187500000000001776e+00 6.798698627123845872e-01
6.212500000000001243e+00 6.798642560022253312e-01
6.237500000000001599e+00 6.798586759427555082e-01
6.262500000000001066e+00 6.798531223883732544e-01
6.287500000000001421e+00 6.798475951956346464e-01
6.312500000000001776e+00 6.798420942232301645e-01
6.337500000000001243e+00 6.798366193319620443e-01
6.362500000000001599e+00 6.824995993522536830e-01
6.387500000000001066e+00 6.824942933553163060e-01
6.412500000000001421e+00 6.824890126138093427e-01
6.437500000000001776e+00 6.824837569997476150e-01
6.462500000000001243e+00 6.824785263871224750e-01
6.487500000000001599e+00 6.824733206518828199e-01
6.512500000000001066e+00 6.825405155977022353e-01
6.537500000000001421e+00 6.825353592528226043e-01
6.562500000000001776e+00 6.825302274247442291e-01
6.587500000000001243e+00 6.825251199970718829e-01
6.612500000000001599e+00 6.825200368552823971e-01
6.637500000000001066e+00 6.825149778867094508e-01
6.662500000000001421e+00 6.825099429805285833e-01
6.687500000000001776e+00 6.857733674528416756e-01
6.712500000000001243e+00 6.857685578361198964e-01
6.737500000000001599e+00 6.857637713507793720e-01
6.762500000000001066e+00 6.857590078973407888e-01
6.787500000000001421e+00 6.857542673780563369e-01
6.812500000000001776e+00 6.857495496968980531e-01
6.837500000000001243e+00 6.857448547595463850e-01
6.862500000000001599e+00 6.857401824733796447e-01
6.887500000000001954e+00 6.857355327474634610e-01
6.912500000000001421e+00 6.857309054925407876e-01
6.937500000000001776e+00 6.857263006210226886e-01
6.962500000000001243e+00 6.857217180469792339e-01
6.987500000000001599e+00 6.889599327271229701e-01
7.012500000000001954e+00 6.889555634901026737e-01
7.037500000000001421e+00 6.889512157447559293e-01
7.062500000000001776e+00 6.889468894153276679e-01
7.087500000000001243e+00 6.889425844276477751e-01
7.112500000000001599e+00 6.889383007091252065e-01
7.137500000000001954e+00 6.889340381887418818e-01
7.162500000000001421e+00 6.889297967970481329e-01
7.187500000000001776e+00 6.889255764661574855e-01
7.212500000000001243e+00 6.889213771297429956e-01
7.237500000000001599e+00 6.889171987230324756e-01
7.262500000000001954e+00 6.889130411828059408e-01
7.287500000000001421e+00 6.921990965941771101e-01
7.312500000000001776e+00 6.921951417779437232e-01
7.337500000000001243e+00 6.921912071354572316e-01
7.362500000000001599e+00 6.921872926128771475e-01
7.387500000000001954e+00 6.921833981578734418e-01
7.412500000000001421e+00 6.921795237196264328e-01
7.437500000000001776e+00 6.921756692488272300e-01
7.462500000000001243e+00 6.921718346976769576e-01
7.487500000000001599e+00 6.921680200198888633e-01
7.512500000000001954e+00 6.921642251706883187e-01
7.537500000000001421e+00 6.921604501068158166e-01
7.562500000000001776e+00 6.953497401873169892e-01
7.587500000000001243e+00 6.953461590030045603e-01
7.612500000000001599e+00 6.953425970085066465e-01
7.637500000000001954e+00 6.953390541695110283e-01
7.662500000000001421e+00 6.953355304532097270e-01
7.687500000000001776e+00 6.953320258283035571e-01
7.712500000000001243e+00 6.953285402650071223e-01
7.737500000000001599e+00 6.953250737350551436e-01
7.762500000000001954e+00 6.953216262117083435e-01
7.787500000000001421e+00 6.953181976697604405e-01
7.812500000000001776e+00 6.953147880855452545e-01
7.837500000000002132e+00 6.984803469777893792e-01
7.862500000000001599e+00 6.984771234021128761e-01
7.887500000000001954e+00 6.984739182813599623e-01
7.912500000000001421e+00 6.984707316006832922e-01
7.937500000000001776e+00 6.984675633467979372e-01
7.962500000000002132e+00 6.984644135079921545e-01
7.987500000000001599e+00 6.984612820741392669e-01
8.012500000000001066e+00 6.984581690367092088e-01
8.037500000000001421e+00 6.984550743887814050e-01
8.062500000000000000e+00 7.015971078170977204e-01
8.087500000000000355e+00 7.016667952994226631e-01
8.112500000000000711e+00 7.016638985128657025e-01
8.137500000000001066e+00 7.016610196914206954e-01
8.162500000000001421e+00 7.016581588387678092e-01
8.187500000000000000e+00 7.016553159602660905e-01
8.212500000000000355e+00 7.016524910629717837e-01
8.237500000000000711e+00 7.016496841556562059e-01
8.262500000000001066e+00 7.016468952488246202e-01
8.287500000000001421e+00 7.016441243547364426e-01
8.312500000000001776e+00 7.047633228569004649e-01
8.337500000000000355e+00 7.047607260290913445e-01
8.362500000000000711e+00 7.047581468718929765e-01
8.387500000000001066e+00 7.047555854069474934e-01
8.412500000000001421e+00 7.047530416577451051e-01
8.437500000000001776e+00 7.047505156496485235e-01
8.462500000000000355e+00 7.047480074099193859e-01
8.487500000000000711e+00 7.047455169677453446e-01
8.512500000000001066e+00 7.078420835798017174e-01
8.537500000000001421e+00 7.078397627299365391e-01
8.562500000000001776e+00 7.078374594069787307e-01
8.587500000000000355e+00 7.078351736501089508e-01
8.612500000000000711e+00 7.078329055005683212e-01
8.637500000000001066e+00 7.078306550016916221e-01
8.662500000000001421e+00 7.078284221989424863e-01
8.687500000000001776e+00 7.078262071399492594e-01
8.712500000000000355e+00 7.078240098745419706e-01
8.737500000000000711e+00 7.108985997149229741e-01
8.762500000000001066e+00 7.108965678484703288e-01
8.787500000000001421e+00 7.108945535887396527e-01
8.812500000000001776e+00 7.108925569966140223e-01
8.837500000000000355e+00 7.108905781353707098e-01
8.862500000000000711e+00 7.108886170707275909e-01
8.887500000000001066e+00 7.108866738708899957e-01
8.912500000000001421e+00 7.139394812254449274e-01
8.937500000000001776e+00 7.139377002635599601e-01
8.962500000000000355e+00 7.140086529099588519e-01
8.987500000000000711e+00 7.140069075285165878e-01
9.012500000000001066e+00 7.140051800606347365e-01
9.037500000000001421e+00 7.140034705922488900e-01
9.062500000000001776e+00 7.140017792121526874e-01
9.087500000000000355e+00 7.140001060120602094e-01
9.112500000000000711e+00 7.170317525167757555e-01
9.137500000000001066e+00 7.170302387186998638e-01
9.162500000000001421e+00 7.170287430749792135e-01
9.187500000000001776e+00 7.170272656913005971e-01
9.212500000000000355e+00 7.170258066766078686e-01
9.237500000000000711e+00 7.170243661431792148e-01
9.262500000000001066e+00 7.200350332258427244e-01
9.287500000000001421e+00 7.200337499963651577e-01
9.312500000000001776e+00 7.200324852985966473e-01
9.337500000000000355e+00 7.200312392605205947e-01
9.362500000000000711e+00 7.200300120138749538e-01
9.387500000000001066e+00 7.200288036942485981e-01
9.412500000000001421e+00 7.200276144411807966e-01
9.437500000000001776e+00 7.233476502775110228e-01
9.462500000000000355e+00 7.233466233763750086e-01
9.487500000000000711e+00 7.233456156735762477e-01
9.512500000000001066e+00 7.233446273270575100e-01
9.537500000000001421e+00 7.233436584992576357e-01
9.562500000000001776e+00 7.233427093572355471e-01
9.587500000000000355e+00 7.266081181149693924e-01
9.612500000000000711e+00 7.266073287607288655e-01
9.637500000000001066e+00 7.266065593249593224e-01
9.662500000000001421e+00 7.266058099959813443e-01
9.687500000000001776e+00 7.266050809674237110e-01
9.712500000000000355e+00 7.266043724383781655e-01
9.737500000000000711e+00 7.297784604109730511e-01
9.762500000000001066e+00 7.297779082964410691e-01
9.787500000000001421e+00 7.297773770322575349e-01
9.812500000000001776e+00 7.297768668423998406e-01
9.837500000000000355e+00 7.297763779571810883e-01
9.862500000000000711e+00 7.328628073213058203e-01
9.887500000000001066e+00 7.329353018098514472e-01
9.912500000000001421e+00 7.329349882656680526e-01
9.937500000000001776e+00 7.329346967494295706e-01
9.962500000000000355e+00 7.329344275275154752e-01
9.987500000000000711e+00 7.359367941672382285e-01
1.001250000000000107e+01 7.359366762958594599e-01
1.003750000000000142e+01 7.359365813115597010e-01
1.006250000000000178e+01 7.359365095140555368e-01
1.008750000000000213e+01 7.359364612117872406e-01
1.011250000000000071e+01 7.388581688407405146e-01
1.013750000000000107e+01 7.388582703302585264e-01
1.016250000000000142e+01 7.388583960549850449e-01
1.018750000000000178e+01 7.388585463625162442e-01
1.021250000000000213e+01 7.388587216108143396e-01
1.023750000000000071e+01 7.417029947484670149e-01
1.026250000000000107e+01 7.417033189500858992e-01
1.028750000000000142e+01 7.417036690033917967e-01
1.031250000000000178e+01 7.417040453127982103e-01
1.033750000000000213e+01 7.444738197097029442e-01
1.036250000000000071e+01 7.444743442775243469e-01
1.038750000000000107e+01 7.444748961722177372e-01
1.041250000000000142e+01 7.444754758518350446e-01
1.043750000000000178e+01 7.471736558493082825e-01
1.046250000000000213e+01 7.471743837047990500e-01
1.048750000000000071e+01 7.471751405990441075e-01
1.051250000000000107e+01 7.471759270524609420e-01
1.053750000000000142e+01 7.498052698321158172e-01
1.056250000000000178e+01 7.498062050506656417e-01
1.058750000000000213e+01 7.498071712937066646e-01
1.061250000000000071e+01 7.498081691546901739e-01
1.063750000000000107e+01 7.523712942307387852e-01
1.066250000000000142e+01 7.523724421936492934e-01
1.068750000000000178e+01 7.523736234863440675e-01
1.071250000000000213e+01 7.548729045093767187e-01
1.073750000000000071e+01 7.548742368376666345e-01
1.076250000000000107e+01 7.548756044222456607e-01
1.078750000000000142e+01 7.548770080180616793e-01
1.081250000000000178e+01 7.573149319553960090e-01
1.083750000000000213e+01 7.573164895064480318e-01
1.086250000000000071e+01 7.573180853247190036e-01
1.088750000000000107e+01 7.599775063076260606e-01
1.091250000000000142e+01 7.599792233616391446e-01
1.093750000000000178e+01 7.599809813066070729e-01
1.096250000000000213e+01 7.625052272205258275e-01
1.098750000000000071e+01 7.625071106763475770e-01
1.101250000000000107e+01 7.625090379765692150e-01
1.103750000000000142e+01 7.649732877149306720e-01
1.106250000000000178e+01 7.649753455634562549e-01
1.108750000000000213e+01 7.649774505918010004e-01
1.111250000000000071e+01 7.673838355514834841e-01
1.113750000000000107e+01 7.673860770401970122e-01
1.116250000000000142e+01 7.697365417958855760e-01
1.118750000000000178e+01 7.697389238902235808e-01
1.121250000000000213e+01 7.697413597236193450e-01
1.123750000000000071e+01 7.720379334432090346e-01
1.126250000000000107e+01 7.720405175858320312e-01
1.128750000000000142e+01 7.742849613531013198e-01
1.131250000000000178e+01 7.742876993344417480e-01
1.133750000000000213e+01 7.764817816677949125e-01
1.136250000000000071e+01 7.764846796892608261e-01
1.138750000000000107e+01 7.764876434763717805e-01
1.141250000000000142e+01 7.786331565764581519e-01
1.143750000000000178e+01 7.786362915830505882e-01
1.146250000000000213e+01 7.807347555969303965e-01
1.148750000000000071e+01 7.807380700622763570e-01
1.151250000000000107e+01 7.828606134005750006e-01
1.153750000000000142e+01 7.828640988476406326e-01
1.156250000000000178e+01 7.849410712092617093e-01
1.158750000000000213e+01 7.869738434431029495e-01
1.161250000000000071e+01 7.869776128119202463e-01
1.163750000000000107e+01 7.889676931869449295e-01
1.166250000000000142e+01 7.889716631933116897e-01
1.168750000000000178e+01 7.909204069408988236e-01
1.171250000000000213e+01 7.928289960117311796e-01
1.173750000000000071e+01 7.928333009340019499e-01
1.176250000000000107e+01 7.947259224932441413e-01
1.178750000000000142e+01 7.965804093233632699e-01
1.181250000000000178e+01 7.965851399468709682e-01
1.183750000000000213e+01 7.984028095116175727e-01
1.186250000000000071e+01 8.002078065838056364e-01
1.188750000000000107e+01 8.019774195665237970e-01
1.191250000000000142e+01 8.019826742836961841e-01
1.193750000000000178e+01 8.037180715990736024e-01
1.196250000000000213e+01 8.054931983851177923e-01
1.198750000000000249e+01 8.071629041189286591e-01
1.201250000000000107e+01 8.088011786586547514e-01
1.203750000000000142e+01 8.104534896151075474e-01
1.206250000000000178e+01 8.120754005530219644e-01
1.208750000000000213e+01 8.136786216093272461e-01
1.211250000000000249e+01 8.152528640819007855e-01
1.213750000000000107e+01 8.167989317745467659e-01
1.216250000000000142e+01 8.183176014216501093e-01
1.218750000000000178e+01 8.198096240832296600e-01
1.221250000000000213e+01 8.227086678939099507e-01
1.223750000000000249e+01 8.241247058722040997e-01
1.226250000000000107e+01 8.255168479719017238e-01
1.228750000000000142e+01 8.282743282627594850e-01
1.231250000000000178e+01 8.296486040936392747e-01
1.233750000000000213e+01 8.323210660585742549e-01
1.236250000000000249e+01 8.349075559004164315e-01
1.238750000000000107e+01 8.374122335138595163e-01
1.241250000000000142e+01 8.386405602667351689e-01
1.243750000000000178e+01 8.410300505164499674e-01
1.246250000000000213e+01 8.444733120462556419e-01
1.248750000000000249e+01 8.466875703403665687e-01
1.251250000000000107e+01 8.488374037046603204e-01
1.253750000000000142e+01 8.520426563623293426e-01
1.256250000000000178e+01 8.551632286446099185e-01
1.258750000000000213e+01 8.581555184062883423e-01
1.261250000000000249e+01 8.619534508944137752e-01
1.263750000000000107e+01 8.655537510847453042e-01
1.266250000000000142e+01 8.689718612010165488e-01
1.268750000000000178e+01 8.730037218173870572e-01
1.271250000000000213e+01 8.768916713943903929e-01
1.273750000000000249e+01 8.812581292192959159e-01
1.276250000000000107e+01 8.859827570830106636e-01
1.278750000000000142e+01 8.909565952969323854e-01
1.281250000000000178e+01 8.966538020101353368e-01
1.283750000000000213e+01 9.027722352467586475e-01
1.286250000000000249e+01 9.095784019899679773e-01
1.288750000000000107e+01 9.177134855373924038e-01
1.291250000000000142e+01 9.270396444845002693e-01
1.293750000000000178e+01 9.388915477512160823e-01
1.296250000000000213e+01 9.571259305329082867e-01
1.298750000000000249e+01 1.000000000000000000e+00
