# t[Gyr], fraction in stars and remnants
1.250000000000000069e-02 6.353540580576897412e-01
3.750000000000000555e-02 6.355691761286869079e-01
6.250000000000001388e-02 6.357541555996957250e-01
8.750000000000000833e-02 6.358975403991672382e-01
1.125000000000000167e-01 6.360177272072662369e-01
1.375000000000000389e-01 6.361227428630837899e-01
1.625000000000000333e-01 6.362169079723415388e-01
1.875000000000000555e-01 6.363028502923306906e-01
2.125000000000000500e-01 6.363017286890854107e-01
2.375000000000000444e-01 6.363758781549556653e-01
2.625000000000000666e-01 6.364456336774146905e-01
2.875000000000000888e-01 6.365116623347251146e-01
3.125000000000000555e-01 6.365744817945826473e-01
3.375000000000000777e-01 6.366345029001896361e-01
3.625000000000000999e-01 6.366920578954445853e-01
3.875000000000000666e-01 6.367474197802523994e-01
4.125000000000000888e-01 6.368008159709632743e-01
4.375000000000001110e-01 6.368524381822064928e-01
4.625000000000000777e-01 6.393464317262230745e-01
4.875000000000000999e-01 6.393930496739685942e-01
5.125000000000000666e-01 6.394383729970675168e-01
5.375000000000000888e-01 6.394825037530861289e-01
5.625000000000001110e-01 6.395255316652503907e-01
5.875000000000000222e-01 6.395675360903437801e-01
6.125000000000000444e-01 6.396085876029393713e-01
6.375000000000000666e-01 6.396487492832542143e-01
6.625000000000000888e-01 6.396880777734386125e-01
6.875000000000001110e-01 6.397266241510416451e-01
7.125000000000001332e-01 6.397644346567499252e-01
7.375000000000000444e-01 6.397207548752588124e-01
7.625000000000000666e-01 6.397572038370111791e-01
7.875000000000000888e-01 6.397930324846495820e-01
8.125000000000001110e-01 6.398282729393240942e-01
8.375000000000001332e-01 6.398629547454613986e-01
8.625000000000001554e-01 6.398971051478113958e-01
8.875000000000001776e-01 6.399307493315851136e-01
9.125000000000000888e-01 6.399639106314989334e-01
9.375000000000001110e-01 6.399966107144879901e-01
9.625000000000001332e-01 6.400288697400136062e-01
9.875000000000001554e-01 6.400607065012229313e-01
1.012500000000000178e+00 6.400921385496681770e-01
1.037500000000000089e+00 6.401231823058610715e-01
1.062500000000000222e+00 6.401538531575686752e-01
1.087500000000000133e+00 6.401841655474673765e-01
1.112500000000000266e+00 6.402141330515224160e-01
1.137500000000000178e+00 6.402437684492613412e-01
1.162500000000000089e+00 6.402730837869360370e-01
1.187500000000000222e+00 6.403020904344338682e-01
1.212500000000000133e+00 6.403307991366704588e-01
1.237500000000000266e+00 6.403592200601033735e-01
1.262500000000000178e+00 6.403873628349182612e-01
1.287500000000000311e+00 6.404152365933700741e-01
1.312500000000000222e+00 6.404428500046908113e-01
1.337500000000000133e+00 6.404702113069385971e-01
1.362500000000000266e+00 6.404973283361016234e-01
1.387500000000000178e+00 6.405242085527440565e-01
1.412500000000000311e+00 6.405508590664372726e-01
1.437500000000000222e+00 6.405772866582012393e-01
1.462500000000000133e+00 6.406034978011456715e-01
1.487500000000000266e+00 6.406294986794867086e-01
1.512500000000000178e+00 6.406552952060882156e-01
1.537500000000000311e+00 6.406808930386704848e-01
1.562500000000000222e+00 6.407062975947998007e-01
1.587500000000000355e+00 6.407315140657765529e-01
1.612500000000000266e+00 6.407565474295122687e-01
1.637500000000000178e+00 6.407814024624880478e-01
1.662500000000000311e+00 6.431582714298079706e-01
1.687500000000000222e+00 6.431817933384206265e-01
1.712500000000000355e+00 6.432051569779144717e-01
1.737500000000000266e+00 6.432283662554781900e-01
1.762500000000000400e+00 6.432514249316438892e-01
1.787500000000000311e+00 6.432743366278101949e-01
1.812500000000000222e+00 6.432971048332788433e-01
1.837500000000000355e+00 6.433197329118436336e-01
1.862500000000000266e+00 6.433422241079667092e-01
1.887500000000000400e+00 6.432834768973582085e-01
1.912500000000000311e+00 6.433056959800385055e-01
1.937500000000000222e+00 6.433277872990492696e-01
1.962500000000000355e+00 6.433497536750627521e-01
1.987500000000000266e+00 6.433715978351299825e-01
2.012500000000000622e+00 6.433933224169415821e-01
2.037500000000000533e+00 6.434149299728444404e-01
2.062500000000000444e+00 6.434364229736314611e-01
2.087500000000000799e+00 6.434578038121190335e-01
2.112500000000000711e+00 6.434790748065276622e-01
2.137500000000000622e+00 6.435002382036760782e-01
2.162500000000000533e+00 6.435212961820055977e-01
2.187500000000000444e+00 6.435422508544410558e-01
2.212500000000000799e+00 6.435631042711026373e-01
2.237500000000000711e+00 6.435838584218743774e-01
2.262500000000000622e+00 6.436045152388423229e-01
2.287500000000000533e+00 6.436250765986073485e-01
2.312500000000000444e+00 6.436455443244801788e-01
2.337500000000000799e+00 6.436659201885706061e-01
2.362500000000000711e+00 6.436862059137686831e-01
2.387500000000000622e+00 6.437064031756332128e-01
2.412500000000000533e+00 6.437265136041874225e-01
2.437500000000000444e+00 6.437465387856283749e-01
2.462500000000000799e+00 6.437664802639562200e-01
2.487500000000000711e+00 6.437863395425271751e-01
2.512500000000000622e+00 6.438061180855337851e-01
2.537500000000000533e+00 6.438258173194181255e-01
2.562500000000000888e+00 6.438454386342200575e-01
2.587500000000000799e+00 6.461569786424001816e-01
2.612500000000000711e+00 6.461756430007746799e-01
2.637500000000000622e+00 6.461942365945807509e-01
2.662500000000000533e+00 6.462127606275667180e-01
2.687500000000000888e+00 6.462312162742686050e-01
2.712500000000000799e+00 6.462496046809975692e-01
2.737500000000000711e+00 6.462679269667828130e-01
2.762500000000000622e+00 6.462861842242771937e-01
2.787500000000000533e+00 6.463043775206233077e-01
2.812500000000000888e+00 6.463225078982846039e-01
2.837500000000000799e+00 6.463405763758419686e-01
2.862500000000000711e+00 6.463585839487574480e-01
2.887500000000000622e+00 6.463765315901097708e-01
2.912500000000000533e+00 6.463944202512965642e-01
2.937500000000000888e+00 6.464122508627117014e-01
2.962500000000000799e+00 6.464300243343954477e-01
2.987500000000000711e+00 6.464477415566586282e-01
3.012500000000000622e+00 6.464654034006829253e-01
3.037500000000000977e+00 6.464830107190990827e-01
3.062500000000000888e+00 6.465005643465419061e-01
3.087500000000000799e+00 6.465180651001849466e-01
3.112500000000000711e+00 6.465355137802558660e-01
3.137500000000000622e+00 6.465529111705310417e-01
3.162500000000000977e+00 6.465702580388144050e-01
3.187500000000000888e+00 6.465875551373961860e-01
3.212500000000000799e+00 6.466048032034971138e-01
3.237500000000000711e+00 6.466220029596957408e-01
3.262500000000000622e+00 6.466391551143410021e-01
3.287500000000000977e+00 6.466562603619494531e-01
3.312500000000000888e+00 6.466733193835896287e-01
3.337500000000000799e+00 6.466903328472524137e-01
3.362500000000000711e+00 6.467073014082087568e-01
3.387500000000000622e+00 6.489659010745894019e-01
3.412500000000000977e+00 6.489820658310690993e-01
3.437500000000000888e+00 6.489981895271579315e-01
3.462500000000000799e+00 6.490142727443581894e-01
3.487500000000000711e+00 6.490303160535562110e-01
3.512500000000001066e+00 6.490463200153001599e-01
3.537500000000000977e+00 6.490622851800706972e-01
3.562500000000000888e+00 6.490782120885413287e-01
3.587500000000000799e+00 6.490941012718302039e-01
3.612500000000000711e+00 6.491099532517450310e-01
3.637500000000001066e+00 6.491254800232867384e-01
3.662500000000000977e+00 6.491409219307375800e-01
3.687500000000000888e+00 6.491563289722142027e-01
3.712500000000000799e+00 6.491717016240048377e-01
3.737500000000000711e+00 6.491870403543820167e-01
3.762500000000001066e+00 6.492023456237978607e-01
3.787500000000000977e+00 6.492176178850775914e-01
3.812500000000000888e+00 6.492328575836034954e-01
3.837500000000000799e+00 6.492480651574958905e-01
3.862500000000000711e+00 6.492632410377878749e-01
3.887500000000001066e+00 6.492783856485944138e-01
3.912500000000000977e+00 6.492934994072769861e-01
3.937500000000000888e+00 6.493085827246032338e-01
3.962500000000000799e+00 6.493236360049020606e-01
3.987500000000001155e+00 6.493386596462147331e-01
4.012500000000001066e+00 6.493536540404403201e-01
4.037500000000000533e+00 6.493686195734779121e-01
4.062500000000000888e+00 6.493835566253656211e-01
4.087500000000001243e+00 6.515959265506319209e-01
4.112500000000000711e+00 6.516101453731295567e-01
4.137500000000001066e+00 6.516243381709093674e-01
4.162500000000001421e+00 6.516385052858002513e-01
4.187500000000000888e+00 6.516526470546500915e-01
4.212500000000001243e+00 6.515853270689762056e-01
4.237500000000000711e+00 6.515994191369199884e-01
4.262500000000001066e+00 6.516134868405827341e-01
4.287500000000001421e+00 6.516275304979745053e-01
4.312500000000000888e+00 6.516415504226525934e-01
4.337500000000001243e+00 6.516555469238191067e-01
4.362500000000000711e+00 6.516695203064152286e-01
4.387500000000001066e+00 6.516834708712134772e-01
4.412500000000001421e+00 6.516973989149088542e-01
4.437500000000000888e+00 6.517113047302043327e-01
4.462500000000001243e+00 6.517251886058984534e-01
4.487500000000000711e+00 6.517390508269671479e-01
4.512500000000001066e+00 6.517528916746453405e-01
4.537500000000001421e+00 6.517667114265061068e-01
4.562500000000000888e+00 6.517805103565379454e-01
4.587500000000001243e+00 6.517942887352201620e-01
4.612500000000000711e+00 6.518080468295952556e-01
4.637500000000001066e+00 6.518217849033423050e-01
4.662500000000001421e+00 6.518355032168458019e-01
4.687500000000000888e+00 6.518492020272641518e-01
4.712500000000001243e+00 6.540203162362214773e-01
4.737500000000000711e+00 6.540333507716248329e-01
4.762500000000001066e+00 6.540463675573479074e-01
4.787500000000001421e+00 6.540593668271873495e-01
4.812500000000000888e+00 6.540723488121779061e-01
4.837500000000001243e+00 6.540853137406479334e-01
4.862500000000000711e+00 6.540982618382756852e-01
4.887500000000001066e+00 6.541111933281421598e-01
4.912500000000001421e+00 6.541241084307846121e-01
4.937500000000000888e+00 6.541370073642479577e-01
4.962500000000001243e+00 6.541498903441347323e-01
4.987500000000000711e+00 6.541627575836550523e-01
5.012500000000001066e+00 6.541756092936751310e-01
5.037500000000001421e+00 6.541884456827632421e-01
5.062500000000000888e+00 6.542012669572370154e-01
5.087500000000001243e+00 6.542140733212086223e-01
5.112500000000001599e+00 6.542268649766281863e-01
5.137500000000001066e+00 6.542396421233283021e-01
5.162500000000001421e+00 6.542524049590656698e-01
5.187500000000000888e+00 6.542651536795628386e-01
5.212500000000001243e+00 6.542778884785493965e-01
5.237500000000001599e+00 6.542906095478011608e-01
5.262500000000001066e+00 6.543033170771801466e-01
5.287500000000001421e+00 6.564363605771166288e-01
5.312500000000000888e+00 6.564484424773763260e-01
5.337500000000001243e+00 6.564605121655664455e-01
5.362500000000001599e+00 6.564725698160029932e-01
5.387500000000001066e+00 6.564846156013670608e-01
5.412500000000001421e+00 6.564966496927373552e-01
5.437500000000000888e+00 6.565086722596240598e-01
5.462500000000001243e+00 6.565206834699996996e-01
5.487500000000001599e+00 6.565326834903310038e-01
5.512500000000001066e+00 6.565446724856092153e-01
5.537500000000001421e+00 6.565566506193813989e-01
5.562500000000000888e+00 6.565686180537787520e-01
5.587500000000001243e+00 6.565805749495470245e-01
5.612500000000001599e+00 6.565925214660743858e-01
5.637500000000001066e+00 6.566044577614204014e-01
5.662500000000001421e+00 6.566163839923430112e-01
5.687500000000000888e+00 6.566283003143263963e-01
5.712500000000001243e+00 6.566402068816072912e-01
5.737500000000001599e+00 6.566521038472019622e-01
5.762500000000001066e+00 6.566639913629321867e-01
5.787500000000001421e+00 6.587622965218886684e-01
5.812500000000000888e+00 6.587735865215775810e-01
5.837500000000001243e+00 6.587848681338238643e-01
5.862500000000001599e+00 6.587961414993521725e-01
5.887500000000001066e+00 6.588074067578841841e-01
5.912500000000001421e+00 6.588186640481604739e-01
5.937500000000000888e+00 6.588299135079642710e-01
5.962500000000001243e+00 6.588411552741415544e-01
5.987500000000001599e+00 6.588523894826247007e-01
6.012500000000001066e+00 6.588636162684528008e-01
6.037500000000001421e+00 6.588748357657927546e-01
6.062500000000001776e+00 6.588860481079610310e-01
6.087500000000001243e+00 6.588972534274436521e-01
6.112500000000001599e+00 6.589084518559166215e-01
6.137500000000001066e+00 6.589196435242664629e-01
6.162500000000001421e+00 6.589308285626097605e-01
6.187500000000001776e+00 6.589420071003130319e-01
6.212500000000001243e+00 6.589531792660121567e-01
6.237500000000001599e+00 6.589643451876319169e-01
6.262500000000001066e+00 6.610297422803462775e-01
6.287500000000001421e+00 6.610403334594594504e-01
6.312500000000001776e+00 6.610509192686970792e-01
6.337500000000001243e+00 6.610614998279321641e-01
6.362500000000001599e+00 6.610720752564700486e-01
6.387500000000001066e+00 6.610826456730656275e-01
6.412500000000001421e+00 6.610932111959406665e-01
6.437500000000001776e+00 6.611037719428011217e-01
6.462500000000001243e+00 6.611143280308540149e-01
6.487500000000001599e+00 6.611248795768249753e-01
6.512500000000001066e+00 6.611354266969742266e-01
6.537500000000001421e+00 6.611459695071142395e-01
6.562500000000001776e+00 6.611565081226256080e-01
6.587500000000001243e+00 6.611670426584739246e-01
6.612500000000001599e+00 6.611775732292264340e-01
6.637500000000001066e+00 6.611880999490681310e-01
6.662500000000001421e+00 6.611986229318183028e-01
6.687500000000001776e+00 6.632333294962362569e-01
6.712500000000001243e+00 6.632432959915367521e-01
6.737500000000001599e+00 6.632532594941649151e-01
6.762500000000001066e+00 6.632632201120473026e-01
6.787500000000001421e+00 6.632731779528633353e-01
6.812500000000001776e+00 6.632831331240625072e-01
6.837500000000001243e+00 6.632930857328785956e-01
6.862500000000001599e+00 6.633030358863457598e-01
6.887500000000001954e+00 6.633129836913133071e-01
6.912500000000001421e+00 6.633229292544624567e-01
6.937500000000001776e+00 6.633328726823206622e-01
6.962500000000001243e+00 6.633428140812774876e-01
6.987500000000001599e+00 6.633527535576005940e-01
7.012500000000001954e+00 6.633626912174506174e-01
7.037500000000001421e+00 6.633726271668971552e-01
7.062500000000001776e+00 6.653786880411431959e-01
7.087500000000001243e+00 6.653880825007714162e-01
7.112500000000001599e+00 6.653974759044041232e-01
7.137500000000001954e+00 6.654068683538794104e-01
7.162500000000001421e+00 6.654162599510533571e-01
7.187500000000001776e+00 6.654256507978169033e-01
7.212500000000001243e+00 6.654350409961118373e-01
7.237500000000001599e+00 6.654444306479446736e-01
7.262500000000001954e+00 6.654538198554049711e-01
7.287500000000001421e+00 6.654632087206793223e-01
7.312500000000001776e+00 6.654725973460686728e-01
7.337500000000001243e+00 6.654819858340041971e-01
7.362500000000001599e+00 6.654913742870635085e-01
7.387500000000001954e+00 6.655007628079875337e-01
7.412500000000001421e+00 6.674795571391016757e-01
7.437500000000001776e+00 6.674884172340873612e-01
7.462500000000001243e+00 6.674972779864966066e-01
7.487500000000001599e+00 6.675061394963016648e-01
7.512500000000001954e+00 6.675150018637487914e-01
7.537500000000001421e+00 6.675238651893747877e-01
7.562500000000001776e+00 6.675327295740259848e-01
7.587500000000001243e+00 6.675415951188743424e-01
7.612500000000001599e+00 6.675504619254369887e-01
7.637500000000001954e+00 6.675593300955930953e-01
7.662500000000001421e+00 6.675681997316031957e-01
7.687500000000001776e+00 6.675770709361270594e-01
7.712500000000001243e+00 6.675859438122438982e-01
7.737500000000001599e+00 6.695387682420634867e-01
7.762500000000001954e+00 6.695471242520586452e-01
7.787500000000001421e+00 6.695554824787806059e-01
7.812500000000001776e+00 6.695638430239276850e-01
7.837500000000002132e+00 6.695722059897379896e-01
7.862500000000001599e+00 6.695805714790097340e-01
7.887500000000001954e+00 6.695889395951224454e-01
7.912500000000001421e+00 6.695973104420576139e-01
7.937500000000001776e+00 6.696056841244221181e-01
7.962500000000002132e+00 6.696140607474679873e-01
7.987500000000001599e+00 6.696224404171169375e-01
8.012500000000001066e+00 6.696308232399823535e-01
8.037500000000001421e+00 6.715589032092079691e-01
8.062500000000000000e+00 6.715667795469529855e-01
8.087500000000000355e+00 6.715746595558618193e-01
8.112500000000000711e+00 6.715825433425725022e-01
8.137500000000001066e+00 6.715904310145549561e-01
8.162500000000001421e+00 6.715983226801377493e-01
8.187500000000000000e+00 6.716062184485334097e-01
8.212500000000000355e+00 6.716141184298660693e-01
8.237500000000000711e+00 6.716220227351981098e-01
8.262500000000001066e+00 6.716299314765592499e-01
8.287500000000001421e+00 6.716378447669745233e-01
8.312500000000001776e+00 6.735423434315219726e-01
8.337500000000000355e+00 6.735497596864943315e-01
8.362500000000000711e+00 6.735571809962636047e-01
8.387500000000001066e+00 6.735646074753697254e-01
8.412500000000001421e+00 6.735720392395185829e-01
8.437500000000001776e+00 6.735794764056146633e-01
8.462500000000000355e+00 6.735869190917944671e-01
8.487500000000000711e+00 6.735943674174618145e-01
8.512500000000001066e+00 6.736018215033225953e-01
8.537500000000001421e+00 6.736092814714218502e-01
8.562500000000001776e+00 6.754913068228407536e-01
8.587500000000000355e+00 6.754982784604363077e-01
8.612500000000000711e+00 6.755052564870174248e-01
8.637500000000001066e+00 6.755122410277725198e-01
8.662500000000001421e+00 6.755192322094395463e-01
8.687500000000001776e+00 6.755262301603488506e-01
8.712500000000000355e+00 6.755332350104666927e-01
8.737500000000000711e+00 6.755402468914399883e-01
8.762500000000001066e+00 6.755472659366429378e-01
8.787500000000001421e+00 6.782290866046994937e-01
8.812500000000001776e+00 6.782360267913669638e-01
8.837500000000000355e+00 6.782429745737194038e-01
8.862500000000000711e+00 6.782499300920634688e-01
8.887500000000001066e+00 6.782568934886865630e-01
8.912500000000001421e+00 6.782638649079116844e-01
8.937500000000001776e+00 6.782708444961543792e-01
8.962500000000000355e+00 6.781965185640206339e-01
8.987500000000000711e+00 6.782035149382059647e-01
9.012500000000001066e+00 6.808613226717676881e-01
9.037500000000001421e+00 6.808682438266142611e-01
9.062500000000001776e+00 6.808751739322873586e-01
9.087500000000000355e+00 6.808821131486008094e-01
9.112500000000000711e+00 6.808890616379098537e-01
9.137500000000001066e+00 6.808960195651828640e-01
9.162500000000001421e+00 6.809029870980759513e-01
9.187500000000001776e+00 6.809099644070094604e-01
9.212500000000000355e+00 6.835444612992149782e-01
9.237500000000000711e+00 6.835513669703775497e-01
9.262500000000001066e+00 6.835582829589083032e-01
9.287500000000001421e+00 6.835652094466854178e-01
9.312500000000001776e+00 6.835721466187765216e-01
9.337500000000000355e+00 6.835790946635340593e-01
9.362500000000000711e+00 6.835860537726906605e-01
9.387500000000001066e+00 6.835930241414600594e-01
9.412500000000001421e+00 6.862048019286166589e-01
9.437500000000001776e+00 6.862117045604916310e-01
9.462500000000000355e+00 6.862186190688340792e-01
9.487500000000000711e+00 6.862255456634501760e-01
9.512500000000001066e+00 6.862324845581846411e-01
9.537500000000001421e+00 6.862394359710437541e-01
9.562500000000001776e+00 6.862464001243238076e-01
9.587500000000000355e+00 6.888361050232836291e-01
9.612500000000000711e+00 6.888430052897041023e-01
9.637500000000001066e+00 6.888499189969528036e-01
9.662500000000001421e+00 6.888568463854718438e-01
9.687500000000001776e+00 6.888637877007091070e-01
9.712500000000000355e+00 6.888707431932777903e-01
9.737500000000000711e+00 6.914389932822226914e-01
9.762500000000001066e+00 6.914458886120126158e-01
9.787500000000001421e+00 6.914527989077382530e-01
9.812500000000001776e+00 6.914597244420195299e-01
9.837500000000000355e+00 6.914666654935396339e-01
9.862500000000000711e+00 6.914736223472454091e-01
9.887500000000001066e+00 6.940209364050702323e-01
9.912500000000001421e+00 6.940278371834845972e-01
9.937500000000001776e+00 6.940347546604709317e-01
9.962500000000000355e+00 6.940416891478466965e-01
9.987500000000000711e+00 6.940486409648314314e-01
1.001250000000000107e+01 6.940556104383032165e-01
1.003750000000000142e+01 6.965824885369100716e-01
1.006250000000000178e+01 6.965894064753549442e-01
1.008750000000000213e+01 6.965963430992542227e-01
1.011250000000000071e+01 6.966032987685579769e-01
1.013750000000000107e+01 6.966102738523349824e-01
1.016250000000000142e+01 6.991172657420934300e-01
1.018750000000000178e+01 6.991241936127130518e-01
1.021250000000000213e+01 6.991311420610120120e-01
1.023750000000000071e+01 6.991381114956556342e-01
1.026250000000000107e+01 6.991451023362447170e-01
1.028750000000000142e+01 7.016326688777310139e-01
1.031250000000000178e+01 7.016396172964947109e-01
1.033750000000000213e+01 7.016465884460595381e-01
1.036250000000000071e+01 7.016535827937756542e-01
1.038750000000000107e+01 7.016606008202104228e-01
1.041250000000000142e+01 7.041291873168846749e-01
1.043750000000000178e+01 7.041361682855771242e-01
1.046250000000000213e+01 7.041431744539131676e-01
1.048750000000000071e+01 7.041502063605051820e-01
1.051250000000000107e+01 7.041572645600803204e-01
1.053750000000000142e+01 7.066073019187691928e-01
1.056250000000000178e+01 7.066143291276012484e-01
1.058750000000000213e+01 7.066213843901141267e-01
1.061250000000000071e+01 7.066284683322322513e-01
1.063750000000000107e+01 7.095426688332192589e-01
1.066250000000000142e+01 7.095497224866695873e-01
1.068750000000000178e+01 7.095568068112841909e-01
1.071250000000000213e+01 7.095639225174075193e-01
1.073750000000000071e+01 7.124569632572144151e-01
1.076250000000000107e+01 7.124640549525061983e-01
1.078750000000000142e+01 7.124711802963328289e-01
1.081250000000000178e+01 7.153435737691736795e-01
1.083750000000000213e+01 7.153506804695421994e-01
1.086250000000000071e+01 7.153578233272913645e-01
1.088750000000000107e+01 7.153650032423375382e-01
1.091250000000000142e+01 7.181928077838715119e-01
1.093750000000000178e+01 7.181999775646528139e-01
1.096250000000000213e+01 7.182071872926545364e-01
1.098750000000000071e+01 7.209625722940151693e-01
1.101250000000000107e+01 7.209697801886528756e-01
1.103750000000000142e+01 7.209770312594180330e-01
1.106250000000000178e+01 7.236628143102735722e-01
1.108750000000000213e+01 7.236700724930350548e-01
1.111250000000000071e+01 7.236773774758115119e-01
1.113750000000000107e+01 7.262962328996649397e-01
1.116250000000000142e+01 7.263035547120548774e-01
1.118750000000000178e+01 7.263109274111821945e-01
1.121250000000000213e+01 7.288653956921158361e-01
1.123750000000000071e+01 7.288727958649006133e-01
1.126250000000000107e+01 7.313653121424218417e-01
1.128750000000000142e+01 7.313727481110632311e-01
1.131250000000000178e+01 7.313802430349044537e-01
1.133750000000000213e+01 7.338130788012033889e-01
1.136250000000000071e+01 7.338206221241483362e-01
1.138750000000000107e+01 7.361959724924382886e-01
1.141250000000000142e+01 7.362035740235677306e-01
1.143750000000000178e+01 7.362112446149587930e-01
1.146250000000000213e+01 7.385311808590363514e-01
1.148750000000000071e+01 7.385389249725727856e-01
1.151250000000000107e+01 7.408054281631560878e-01
1.153750000000000142e+01 7.408132577016626197e-01
1.156250000000000178e+01 7.432629129636931786e-01
1.158750000000000213e+01 7.432708488953377879e-01
1.161250000000000071e+01 7.456654874158421542e-01
1.163750000000000107e+01 7.456735437522188370e-01
1.166250000000000142e+01 7.480150615662731761e-01
1.168750000000000178e+01 7.503052247297599120e-01
1.171250000000000213e+01 7.503134629851291315e-01
1.173750000000000071e+01 7.525540410057088847e-01
1.176250000000000107e+01 7.525624420926324554e-01
1.178750000000000142e+01 7.547550931857156531e-01
1.181250000000000178e+01 7.569013325398801229e-01
1.183750000000000213e+01 7.569099900269502523e-01
1.186250000000000071e+01 7.590114014153295230e-01
1.188750000000000107e+01 7.610693514131975368e-01
1.191250000000000142e+01 7.630852195986999043e-01
1.193750000000000178e+01 7.630942917774437007e-01
1.196250000000000213e+01 7.651376775977637434e-01
1.198750000000000249e+01 7.671401993133029062e-01
1.201250000000000107e+01 7.691031167583796124e-01
1.203750000000000142e+01 7.710276396025821377e-01
1.206250000000000178e+01 7.729149299980438981e-01
1.208750000000000213e+01 7.747661050815960460e-01
1.211250000000000249e+01 7.766114771954035767e-01
1.213750000000000107e+01 7.784223605280866654e-01
1.216250000000000142e+01 7.801997648128399243e-01
1.218750000000000178e+01 7.819689278780612707e-01
1.221250000000000213e+01 7.837059630924355647e-01
1.223750000000000249e+01 7.870759024229417866e-01
1.226250000000000107e+01 7.887216783792947439e-01
1.228750000000000142e+01 7.903388010684806453e-01
1.231250000000000178e+01 7.935578482234296738e-01
1.233750000000000213e+01 7.951433235230058738e-01
1.236250000000000249e+01 7.982225960978686086e-01
1.238750000000000107e+01 8.012004863766251095e-01
1.241250000000000142e+01 8.040821181583654997e-01
1.243750000000000178e+01 8.054954086168432115e-01
1.246250000000000213e+01 8.096236839122199491e-01
1.248750000000000249e+01 8.123382792552723553e-01
1.251250000000000107e+01 8.149711911637400608e-01
1.253750000000000142e+01 8.187672617488804816e-01
1.256250000000000178e+01 8.223991937617736170e-01
1.258750000000000213e+01 8.258778717939772029e-01
1.261250000000000249e+01 8.292132742660365263e-01
1.263750000000000107e+01 8.335123497344386623e-01
1.266250000000000142e+01 8.376524250958357065e-01
1.268750000000000178e+01 8.425296907857853235e-01
1.271250000000000213e+01 8.471108608543292950e-01
1.273750000000000249e+01 8.522501250378490267e-01
1.276250000000000107e+01 8.578973277488105564e-01
1.278750000000000142e+01 8.639058029391197824e-01
1.281250000000000178e+01 8.707251846010011231e-01
1.283750000000000213e+01 8.782140546655081703e-01
1.286250000000000249e+01 8.870263246180910555e-01
1.288750000000000107e+01 8.966053016267377940e-01
1.291250000000000142e+01 9.085438855232652600e-01
1.293750000000000178e+01 9.236850609039024551e-01
1.296250000000000213e+01 9.462890413150306657e-01
1.298750000000000249e+01 1.000000000000000000e+00
