# t[Gyr], fraction in stars and remnants
1.250000000000000069e-02 6.353540580576897412e-01
3.750000000000000555e-02 6.355691761286869079e-01
6.250000000000001388e-02 6.357541555996957250e-01
8.750000000000000833e-02 6.358975403991672382e-01
1.125000000000000167e-01 6.360177272072662369e-01
1.375000000000000389e-01 6.361227428630837899e-01
1.625000000000000333e-01 6.362169079723415388e-01
1.875000000000000555e-01 6.363028502923306906e-01
2.125000000000000500e-01 6.363017286890854107e-01
2.375000000000000444e-01 6.363758781549556653e-01
2.625000000000000666e-01 6.364456336774146905e-01
2.875000000000000888e-01 6.365116623347251146e-01
3.125000000000000555e-01 6.365744817945826473e-01
3.375000000000000777e-01 6.366345029001896361e-01
3.625000000000000999e-01 6.366920578954445853e-01
3.875000000000000666e-01 6.367474197802523994e-01
4.125000000000000888e-01 6.368008159709632743e-01
4.375000000000001110e-01 6.368524381822064928e-01
4.625000000000000777e-01 6.393464317262230745e-01
4.875000000000000999e-01 6.393930496739685942e-01
5.125000000000000666e-01 6.394383729970675168e-01
5.375000000000000888e-01 6.394825037530861289e-01
5.625000000000001110e-01 6.395255316652503907e-01
5.875000000000000222e-01 6.395675360903437801e-01
6.125000000000000444e-01 6.396085876029393713e-01
6.375000000000000666e-01 6.396487492832542143e-01
6.625000000000000888e-01 6.396880777734386125e-01
6.875000000000001110e-01 6.397266241510416451e-01
7.125000000000001332e-01 6.397644346567499252e-01
7.375000000000000444e-01 6.397207548752588124e-01
7.625000000000000666e-01 6.397572038370111791e-01
7.875000000000000888e-01 6.397930324846495820e-01
8.125000000000001110e-01 6.398282729393240942e-01
8.375000000000001332e-01 6.398629547454613986e-01
8.625000000000001554e-01 6.398971051478113958e-01
8.875000000000001776e-01 6.399307493315851136e-01
9.125000000000000888e-01 6.399639106314989334e-01
9.375000000000001110e-01 6.399966107144879901e-01
9.625000000000001332e-01 6.400288697400136062e-01
9.875000000000001554e-01 6.400607065012229313e-01
1.012500000000000178e+00 6.400921385496681770e-01
1.037500000000000089e+00 6.401231823058610715e-01
1.062500000000000222e+00 6.401538531575686752e-01
1.087500000000000133e+00 6.401841655474673765e-01
1.112500000000000266e+00 6.402141330515224160e-01
1.137500000000000178e+00 6.402437684492613412e-01
1.162500000000000089e+00 6.402730837869360370e-01
1.187500000000000222e+00 6.403020904344338682e-01
1.212500000000000133e+00 6.403307991366704588e-01
1.237500000000000266e+00 6.403592200601033735e-01
1.262500000000000178e+00 6.403873628349182612e-01
1.287500000000000311e+00 6.404152365933700741e-01
1.312500000000000222e+00 6.404428500046908113e-01
1.337500000000000133e+00 6.404702113069385971e-01
1.362500000000000266e+00 6.404973283361016234e-01
1.387500000000000178e+00 6.405242085527440565e-01
1.412500000000000311e+00 6.405508590664372726e-01
1.437500000000000222e+00 6.405772866582012393e-01
1.462500000000000133e+00 6.406034978011456715e-01
1.487500000000000266e+00 6.406294986794867086e-01
1.512500000000000178e+00 6.406552952060882156e-01
1.537500000000000311e+00 6.406808930386704848e-01
1.562500000000000222e+00 6.407062975947998007e-01
1.587500000000000355e+00 6.407315140657765529e-01
1.612500000000000266e+00 6.407565474295122687e-01
1.637500000000000178e+00 6.407814024624880478e-01
1.662500000000000311e+00 6.431582714298079706e-01
1.687500000000000222e+00 6.431817933384206265e-01
1.712500000000000355e+00 6.432051569779144717e-01
1.737500000000000266e+00 6.432283662554781900e-01
1.762500000000000400e+00 6.432514249316438892e-01
1.787500000000000311e+00 6.432743366278101949e-01
1.812500000000000222e+00 6.432971048332788433e-01
1.837500000000000355e+00 6.433197329118436336e-01
1.862500000000000266e+00 6.433422241079667092e-01
1.887500000000000400e+00 6.432834768973582085e-01
1.912500000000000311e+00 6.433056959800385055e-01
1.937500000000000222e+00 6.433277872990492696e-01
1.962500000000000355e+00 6.433497536750627521e-01
1.987500000000000266e+00 6.433715978351299825e-01
2.012500000000000622e+00 6.433933224169415821e-01
2.037500000000000533e+00 6.434149299728444404e-01
2.062500000000000444e+00 6.434364229736314611e-01
2.087500000000000799e+00 6.434578038121190335e-01
2.112500000000000711e+00 6.434790748065276622e-01
2.137500000000000622e+00 6.435002382036760782e-01
2.162500000000000533e+00 6.435212961820055977e-01
2.187500000000000444e+00 6.435422508544410558e-01
2.212500000000000799e+00 6.435631042711026373e-01
2.237500000000000711e+00 6.435838584218743774e-01
2.262500000000000622e+00 6.436045152388423229e-01
2.287500000000000533e+00 6.436250765986073485e-01
2.312500000000000444e+00 6.436455443244801788e-01
2.337500000000000799e+00 6.436659201885706061e-01
2.362500000000000711e+00 6.436862059137686831e-01
2.387500000000000622e+00 6.437064031756332128e-01
2.412500000000000533e+00 6.437265136041874225e-01
2.437500000000000444e+00 6.437465387856283749e-01
2.462500000000000799e+00 6.437664802639562200e-01
2.487500000000000711e+00 6.437863395425271751e-01
2.512500000000000622e+00 6.438061180855337851e-01
2.537500000000000533e+00 6.438258173194181255e-01
2.562500000000000888e+00 6.438454386342200575e-01
2.587500000000000799e+00 6.461569786424001816e-01
2.612500000000000711e+00 6.461756430007746799e-01
2.637500000000000622e+00 6.461942365945807509e-01
2.662500000000000533e+00 6.462127606275667180e-01
2.687500000000000888e+00 6.462312162742686050e-01
2.712500000000000799e+00 6.462496046809975692e-01
2.737500000000000711e+00 6.462679269667828130e-01
2.762500000000000622e+00 6.462861842242771937e-01
2.787500000000000533e+00 6.463043775206233077e-01
2.812500000000000888e+00 6.463225078982846039e-01
2.837500000000000799e+00 6.463405763758419686e-01
2.862500000000000711e+00 6.463585839487574480e-01
2.887500000000000622e+00 6.463765315901097708e-01
2.912500000000000533e+00 6.463944202512965642e-01
2.937500000000000888e+00 6.464122508627117014e-01
2.962500000000000799e+00 6.464300243343954477e-01
2.987500000000000711e+00 6.464477415566586282e-01
3.012500000000000622e+00 6.464654034006829253e-01
3.037500000000000977e+00 6.464830107190990827e-01
3.062500000000000888e+00 6.465005643465419061e-01
3.087500000000000799e+00 6.465180651001849466e-01
3.112500000000000711e+00 6.465355137802558660e-01
3.137500000000000622e+00 6.465529111705310417e-01
3.162500000000000977e+00 6.465702580388144050e-01
3.187500000000000888e+00 6.465875551373961860e-01
3.212500000000000799e+00 6.466048032034971138e-01
3.237500000000000711e+00 6.466220029596957408e-01
3.262500000000000622e+00 6.466391551143410021e-01
3.287500000000000977e+00 6.466562603619494531e-01
3.312500000000000888e+00 6.466733193835896287e-01
3.337500000000000799e+00 6.466903328472524137e-01
3.362500000000000711e+00 6.467073014082087568e-01
3.387500000000000622e+00 6.489659010745894019e-01
3.412500000000000977e+00 6.489820658310690993e-01
3.437500000000000888e+00 6.489981895271579315e-01
3.462500000000000799e+00 6.490142727443581894e-01
3.487500000000000711e+00 6.490303160535562110e-01
3.512500000000001066e+00 6.490463200153001599e-01
3.537500000000000977e+00 6.490622851800706972e-01
3.562500000000000888e+00 6.490782120885413287e-01
3.587500000000000799e+00 6.490941012718302039e-01
3.612500000000000711e+00 6.491099532517450310e-01
3.637500000000001066e+00 6.491254800232867384e-01
3.662500000000000977e+00 6.491409219307375800e-01
3.687500000000000888e+00 6.491563289722142027e-01
3.712500000000000799e+00 6.491717016240048377e-01
3.737500000000000711e+00 6.491870403543820167e-01
3.762500000000001066e+00 6.492023456237978607e-01
3.787500000000000977e+00 6.492176178850775914e-01
3.812500000000000888e+00 6.492328575836034954e-01
3.837500000000000799e+00 6.492480651574958905e-01
3.862500000000000711e+00 6.492632410377878749e-01
3.887500000000001066e+00 6.492783856485944138e-01
3.912500000000000977e+00 6.492934994072769861e-01
3.937500000000000888e+00 6.493085827246032338e-01
3.962500000000000799e+00 6.493236360049020606e-01
3.987500000000001155e+00 6.493386596462147331e-01
4.012500000000001066e+00 6.493392225976744037e-01
4.037500000000000533e+00 6.493397873032671352e-01
4.062500000000000888e+00 6.493403537733675179e-01
4.087500000000001243e+00 6.515410463682991260e-01
4.112500000000000711e+00 6.515416163989029563e-01
4.137500000000001066e+00 6.515421882256864361e-01
4.162500000000001421e+00 6.515427618593933046e-01
4.187500000000000888e+00 6.515433373108617809e-01
4.212500000000001243e+00 6.515439145910258967e-01
4.237500000000000711e+00 6.515444937109171608e-01
4.262500000000001066e+00 6.515450746816648930e-01
4.287500000000001421e+00 6.515456575144981111e-01
4.312500000000000888e+00 6.515462422207460857e-01
4.337500000000001243e+00 6.515468288118400064e-01
4.362500000000000711e+00 6.515474172993140911e-01
4.387500000000001066e+00 6.515480076948063637e-01
4.412500000000001421e+00 6.515486000100607633e-01
4.437500000000000888e+00 6.515491942569275885e-01
4.462500000000001243e+00 6.515497904473651625e-01
4.487500000000000711e+00 6.515503885934410544e-01
4.512500000000001066e+00 6.515509887073336337e-01
4.537500000000001421e+00 6.515515908013329582e-01
4.562500000000000888e+00 6.515521948878424396e-01
4.587500000000001243e+00 6.515528009793802866e-01
4.612500000000000711e+00 6.515534090885807261e-01
4.637500000000001066e+00 6.515540192281954468e-01
4.662500000000001421e+00 6.515546314110951531e-01
4.687500000000000888e+00 6.537313263076913739e-01
4.712500000000001243e+00 6.537319426162564451e-01
4.737500000000000711e+00 6.537325610074472548e-01
4.762500000000001066e+00 6.537331814946252262e-01
4.787500000000001421e+00 6.537338040912783477e-01
4.812500000000000888e+00 6.537344288110227275e-01
4.837500000000001243e+00 6.537350556676044810e-01
4.862500000000000711e+00 6.537356846749005079e-01
4.887500000000001066e+00 6.537363158469213786e-01
4.912500000000001421e+00 6.537369491978121117e-01
4.937500000000000888e+00 6.537375847418541719e-01
4.962500000000001243e+00 6.537382224934671360e-01
4.987500000000000711e+00 6.537388624672106907e-01
5.012500000000001066e+00 6.537395046777861873e-01
5.037500000000001421e+00 6.537401491400387510e-01
5.062500000000000888e+00 6.537407958689587240e-01
5.087500000000001243e+00 6.537414448796838862e-01
5.112500000000001599e+00 6.537420961875012315e-01
5.137500000000001066e+00 6.537427498078490773e-01
5.162500000000001421e+00 6.537434057563187295e-01
5.187500000000000888e+00 6.537440640486568144e-01
5.212500000000001243e+00 6.537447247007671658e-01
5.237500000000001599e+00 6.558981961203665945e-01
5.262500000000001066e+00 6.558988615403725797e-01
5.287500000000001421e+00 6.558995293688267836e-01
5.312500000000000888e+00 6.559001996222834086e-01
5.337500000000001243e+00 6.559008723174641897e-01
5.362500000000001599e+00 6.559015474712615035e-01
5.387500000000001066e+00 6.559022251007400328e-01
5.412500000000001421e+00 6.559029052231394319e-01
5.437500000000000888e+00 6.559035878558767685e-01
5.462500000000001243e+00 6.559042730165484114e-01
5.487500000000001599e+00 6.559049607229332501e-01
5.512500000000001066e+00 6.559056509929945822e-01
5.537500000000001421e+00 6.559063438448829997e-01
5.562500000000000888e+00 6.559070392969387209e-01
5.587500000000001243e+00 6.559077373676943656e-01
5.612500000000001599e+00 6.559084380758777311e-01
5.637500000000001066e+00 6.559091414404142339e-01
5.662500000000001421e+00 6.559098474804299084e-01
5.687500000000000888e+00 6.559105562152540703e-01
5.712500000000001243e+00 6.559112676644225370e-01
5.737500000000001599e+00 6.580422490121397017e-01
5.762500000000001066e+00 6.580429659494426708e-01
5.787500000000001421e+00 6.580436856609634955e-01
5.812500000000000888e+00 6.580444081670920875e-01
5.837500000000001243e+00 6.580451334884400705e-01
5.862500000000001599e+00 6.580458616458435550e-01
5.887500000000001066e+00 6.580465926603660254e-01
5.912500000000001421e+00 6.580473265533024474e-01
5.937500000000000888e+00 6.580480633461819329e-01
5.962500000000001243e+00 6.580488030607715144e-01
5.987500000000001599e+00 6.580495457190795872e-01
6.012500000000001066e+00 6.580502913433592393e-01
6.037500000000001421e+00 6.580510399561122492e-01
6.062500000000001776e+00 6.580517915800921935e-01
6.087500000000001243e+00 6.580525462383088886e-01
6.112500000000001599e+00 6.580533039540314988e-01
6.137500000000001066e+00 6.580540647507931995e-01
6.162500000000001421e+00 6.580548286523942858e-01
6.187500000000001776e+00 6.601640151703064285e-01
6.212500000000001243e+00 6.601647853540781874e-01
6.237500000000001599e+00 6.601655587157366778e-01
6.262500000000001066e+00 6.601663352801935281e-01
6.287500000000001421e+00 6.601671150726490245e-01
6.312500000000001776e+00 6.601678981185961081e-01
6.337500000000001243e+00 6.601686844438253710e-01
6.362500000000001599e+00 6.601694740744291634e-01
6.387500000000001066e+00 6.601702670368065906e-01
6.412500000000001421e+00 6.601710633576683973e-01
6.437500000000001776e+00 6.601718630640414087e-01
6.462500000000001243e+00 6.601726661832740817e-01
6.487500000000001599e+00 6.601734727430408345e-01
6.512500000000001066e+00 6.601742827713480422e-01
6.537500000000001421e+00 6.601750962965386993e-01
6.562500000000001776e+00 6.601759133472977492e-01
6.587500000000001243e+00 6.601767339526580791e-01
6.612500000000001599e+00 6.622647886514110294e-01
6.637500000000001066e+00 6.622656164544908908e-01
6.662500000000001421e+00 6.622664479014128691e-01
6.687500000000001776e+00 6.622672830226570273e-01
6.712500000000001243e+00 6.622681218490806820e-01
6.737500000000001599e+00 6.622689644119235108e-01
6.762500000000001066e+00 6.622698107428149905e-01
6.787500000000001421e+00 6.622706608737797263e-01
6.812500000000001776e+00 6.622715148372446681e-01
6.837500000000001243e+00 6.622723726660455501e-01
6.862500000000001599e+00 6.622732343934341070e-01
6.887500000000001954e+00 6.622741000530845135e-01
6.912500000000001421e+00 6.622749696791007112e-01
6.937500000000001776e+00 6.622758433060238481e-01
6.962500000000001243e+00 6.622767209688396051e-01
6.987500000000001599e+00 6.643442704859082726e-01
7.012500000000001954e+00 6.643451563272823046e-01
7.037500000000001421e+00 6.643460463122495829e-01
7.062500000000001776e+00 6.643469404776513043e-01
7.087500000000001243e+00 6.643478388608128338e-01
7.112500000000001599e+00 6.643487414995519202e-01
7.137500000000001954e+00 6.643496484321874673e-01
7.162500000000001421e+00 6.643505596975485261e-01
7.187500000000001776e+00 6.643514753349829549e-01
7.212500000000001243e+00 6.643523953843668561e-01
7.237500000000001599e+00 6.643533198861137912e-01
7.262500000000001954e+00 6.643542488811845503e-01
7.287500000000001421e+00 6.643551824110969228e-01
7.312500000000001776e+00 6.643561205179356888e-01
7.337500000000001243e+00 6.664037642992710619e-01
7.362500000000001599e+00 6.664047116885370992e-01
7.387500000000001954e+00 6.664056637844901765e-01
7.412500000000001421e+00 6.664066206315883978e-01
7.437500000000001776e+00 6.664075822749105926e-01
7.462500000000001243e+00 6.664085487601679736e-01
7.487500000000001599e+00 6.664095201337157937e-01
7.512500000000001954e+00 6.664104964425652255e-01
7.537500000000001421e+00 6.664114777343961293e-01
7.562500000000001776e+00 6.664124640575690428e-01
7.587500000000001243e+00 6.664134554611386152e-01
7.612500000000001599e+00 6.664144519948667078e-01
7.637500000000001954e+00 6.664154537092356057e-01
7.662500000000001421e+00 6.684437627350782174e-01
7.687500000000001776e+00 6.684447749651282189e-01
7.712500000000001243e+00 6.684457925317303095e-01
7.737500000000001599e+00 6.684468154883913549e-01
7.762500000000001954e+00 6.684478438894113639e-01
7.787500000000001421e+00 6.684488777898994760e-01
7.812500000000001776e+00 6.684499172457895044e-01
7.837500000000002132e+00 6.684509623138567003e-01
7.862500000000001599e+00 6.684520130517341840e-01
7.887500000000001954e+00 6.684530695179307092e-01
7.912500000000001421e+00 6.684541317718474263e-01
7.937500000000001776e+00 6.684551998737968681e-01
7.962500000000002132e+00 6.704647183355660900e-01
7.987500000000001599e+00 6.704657983182553682e-01
8.012500000000001066e+00 6.704668843355684471e-01
8.037500000000001421e+00 6.704679764516517926e-01
8.062500000000000000e+00 6.704690747316605082e-01
8.087500000000000355e+00 6.704701792417793182e-01
8.112500000000000711e+00 6.704712900492442174e-01
8.137500000000001066e+00 6.704724072223644527e-01
8.162500000000001421e+00 6.704735308305452834e-01
8.187500000000000000e+00 6.704746609443116290e-01
8.212500000000000355e+00 6.704757976353316051e-01
8.237500000000000711e+00 6.724670444257081492e-01
8.262500000000001066e+00 6.724681944909374209e-01
8.287500000000001421e+00 6.724693513555348723e-01
8.312500000000001776e+00 6.724705150959949806e-01
8.337500000000000355e+00 6.724716857900857603e-01
8.362500000000000711e+00 6.724728635168766289e-01
8.387500000000001066e+00 6.724740483567670513e-01
8.412500000000001421e+00 6.724752403915167376e-01
8.437500000000001776e+00 6.724764397042760633e-01
8.462500000000000355e+00 6.724776463796172665e-01
8.487500000000000711e+00 6.724788605035669775e-01
8.512500000000001066e+00 6.744523380728062456e-01
8.537500000000001421e+00 6.744535673580365209e-01
8.562500000000001776e+00 6.744548043590175013e-01
8.587500000000000355e+00 6.744560491679344461e-01
8.612500000000000711e+00 6.744573018786029772e-01
8.637500000000001066e+00 6.744585625865069378e-01
8.662500000000001421e+00 6.744598313888379160e-01
8.687500000000001776e+00 6.744611083845363231e-01
8.712500000000000355e+00 6.744623936743321391e-01
8.737500000000000711e+00 6.771576358043893684e-01
8.762500000000001066e+00 6.771589379919477070e-01
8.787500000000001421e+00 6.771602487869717857e-01
8.812500000000001776e+00 6.771615682977957240e-01
8.837500000000000355e+00 6.771628966347724710e-01
8.862500000000000711e+00 6.771642339103232100e-01
8.887500000000001066e+00 6.771655802389897616e-01
8.912500000000001421e+00 6.771669357374867637e-01
8.937500000000001776e+00 6.771683005247570719e-01
8.962500000000000355e+00 6.798403001147879099e-01
8.987500000000000711e+00 6.798416838456299294e-01
9.012500000000001066e+00 6.798430772360161134e-01
9.037500000000001421e+00 6.798444804143849440e-01
9.062500000000001776e+00 6.798458935117037694e-01
9.087500000000000355e+00 6.798473166615356389e-01
9.112500000000000711e+00 6.798487500001071382e-01
9.137500000000001066e+00 6.798501936663794432e-01
9.162500000000001421e+00 6.824995456038094321e-01
9.187500000000001776e+00 6.825010103536707229e-01
9.212500000000000355e+00 6.825024858652634085e-01
9.237500000000000711e+00 6.825039722892404237e-01
9.262500000000001066e+00 6.825054697793786485e-01
9.287500000000001421e+00 6.825069784926656169e-01
9.312500000000001776e+00 6.825084985893888900e-01
9.337500000000000355e+00 6.825100302332274271e-01
9.362500000000000711e+00 6.851373143477310634e-01
9.387500000000001066e+00 6.851388695908854354e-01
9.412500000000001421e+00 6.851404368935147815e-01
9.437500000000001776e+00 6.851420164338543062e-01
9.462500000000000355e+00 6.851436083940430910e-01
9.487500000000000711e+00 6.851452129602382257e-01
9.512500000000001066e+00 6.851468303227322698e-01
9.537500000000001421e+00 6.877525914542694796e-01
9.562500000000001776e+00 6.877542349973969626e-01
9.587500000000000355e+00 6.877558919337597443e-01
9.612500000000000711e+00 6.877575624714610258e-01
9.637500000000001066e+00 6.877592468233978407e-01
9.662500000000001421e+00 6.877609452074082697e-01
9.687500000000001776e+00 6.903457035656488383e-01
9.712500000000000355e+00 6.903474306878517597e-01
9.737500000000000711e+00 6.903491725268419144e-01
9.762500000000001066e+00 6.903509293218059728e-01
9.787500000000001421e+00 6.903527013176962157e-01
9.812500000000001776e+00 6.903544887654149420e-01
9.837500000000000355e+00 6.929187565889131095e-01
9.862500000000000711e+00 6.929205757177666625e-01
9.887500000000001066e+00 6.929224110888203558e-01
9.912500000000001421e+00 6.929242629787810692e-01
9.937500000000001776e+00 6.929261316713493102e-01
9.962500000000000355e+00 6.929280174574550255e-01
9.987500000000000711e+00 6.954722884922887038e-01
1.001250000000000107e+01 6.954742093684126436e-01
1.003750000000000142e+01 6.954761482567440867e-01
1.006250000000000178e+01 6.954781054796894679e-01
1.008750000000000213e+01 6.954800813682202598e-01
1.011250000000000071e+01 6.954820762621761743e-01
1.013750000000000107e+01 6.980068271033312843e-01
1.016250000000000142e+01 6.980088610647271485e-01
1.018750000000000178e+01 6.980109151075142293e-01
1.021250000000000213e+01 6.980129896103164366e-01
1.023750000000000071e+01 6.980150849623574238e-01
1.026250000000000107e+01 7.005207547377499955e-01
1.028750000000000142e+01 7.005228930003380983e-01
1.031250000000000178e+01 7.005250533474873809e-01
1.033750000000000213e+01 7.005272362149679299e-01
1.036250000000000071e+01 7.030142428787581332e-01
1.038750000000000107e+01 7.030164721458040944e-01
1.041250000000000142e+01 7.030187253191528818e-01
1.043750000000000178e+01 7.030210028887620144e-01
1.046250000000000213e+01 7.030233053595117410e-01
1.048750000000000071e+01 7.054920968988817043e-01
1.051250000000000107e+01 7.054944507493041694e-01
1.053750000000000142e+01 7.054968311112598256e-01
1.056250000000000178e+01 7.054992385556980716e-01
1.058750000000000213e+01 7.084338061761770167e-01
1.061250000000000071e+01 7.084362695723364078e-01
1.063750000000000107e+01 7.084387618766821992e-01
1.066250000000000142e+01 7.084412837381464101e-01
1.068750000000000178e+01 7.113549503962234288e-01
1.071250000000000213e+01 7.113575334063586553e-01
1.073750000000000071e+01 7.113601480543334521e-01
1.076250000000000107e+01 7.113627950817664747e-01
1.078750000000000142e+01 7.142560174837004894e-01
1.081250000000000178e+01 7.142587315995910791e-01
1.083750000000000213e+01 7.142614804799077843e-01
1.086250000000000071e+01 7.171101170898359634e-01
1.088750000000000107e+01 7.171129380879930348e-01
1.091250000000000142e+01 7.171157965033528869e-01
1.093750000000000178e+01 7.171186932865880603e-01
1.096250000000000213e+01 7.198946370637422376e-01
1.098750000000000071e+01 7.198976135804806553e-01
1.101250000000000107e+01 7.199006315403803091e-01
1.103750000000000142e+01 7.226066731873724835e-01
1.106250000000000178e+01 7.226097773955265646e-01
1.108750000000000213e+01 7.226129264990954759e-01
1.111250000000000071e+01 7.252517494356987005e-01
1.113750000000000107e+01 7.252549921169839653e-01
1.116250000000000142e+01 7.252582835864107569e-01
1.118750000000000178e+01 7.278324368899621311e-01
1.121250000000000213e+01 7.278358302214225084e-01
1.123750000000000071e+01 7.303476826076273909e-01
1.126250000000000107e+01 7.303511839375870229e-01
1.128750000000000142e+01 7.303547417403641884e-01
1.131250000000000178e+01 7.328066489030884423e-01
1.133750000000000213e+01 7.328103249803059605e-01
1.136250000000000071e+01 7.352044186213047006e-01
1.138750000000000107e+01 7.352082206430368139e-01
1.141250000000000142e+01 7.352120887455073639e-01
1.143750000000000178e+01 7.375505192646144570e-01
1.146250000000000213e+01 7.375545262635909705e-01
1.148750000000000071e+01 7.398392142377357983e-01
1.151250000000000107e+01 7.398433698864760322e-01
1.153750000000000142e+01 7.423083896390115788e-01
1.156250000000000178e+01 7.423127047332112038e-01
1.158750000000000213e+01 7.447224497688649247e-01
1.161250000000000071e+01 7.447269362990021069e-01
1.163750000000000107e+01 7.470833100003092531e-01
1.166250000000000142e+01 7.470879813326738450e-01
1.168750000000000178e+01 7.493928027078614607e-01
1.171250000000000213e+01 7.516477054172393535e-01
1.173750000000000071e+01 7.516526825675237111e-01
1.176250000000000107e+01 7.538594287055080390e-01
1.178750000000000142e+01 7.560194920690352927e-01
1.181250000000000178e+01 7.560248152852168113e-01
1.183750000000000213e+01 7.581398333830787761e-01
1.186250000000000071e+01 7.602111338082595537e-01
1.188750000000000107e+01 7.602168516494203221e-01
1.191250000000000142e+01 7.622459656005160511e-01
1.193750000000000178e+01 7.643040360793283972e-01
1.196250000000000213e+01 7.663209809066787725e-01
1.198750000000000249e+01 7.682980670949396407e-01
1.201250000000000107e+01 7.683045812069939640e-01
1.203750000000000142e+01 7.702432102026055549e-01
1.206250000000000178e+01 7.721443757951919062e-01
1.208750000000000213e+01 7.740092020187105959e-01
1.211250000000000249e+01 7.758560641458952523e-01
1.213750000000000107e+01 7.776683815383395038e-01
1.216250000000000142e+01 7.794471655266227428e-01
1.218750000000000178e+01 7.829864634141532331e-01
1.221250000000000213e+01 7.847122775098833714e-01
1.223750000000000249e+01 7.864074743599376305e-01
1.226250000000000107e+01 7.880729189805496526e-01
1.228750000000000142e+01 7.913317990704451521e-01
1.231250000000000178e+01 7.929356811304334451e-01
1.233750000000000213e+01 7.960924514926056572e-01
1.236250000000000249e+01 7.976364680143458452e-01
1.238750000000000107e+01 8.006382192252819996e-01
1.241250000000000142e+01 8.035430113339091518e-01
1.243750000000000178e+01 8.063556719531213002e-01
1.246250000000000213e+01 8.091303547217473247e-01
1.248750000000000249e+01 8.118689987354155146e-01
1.251250000000000107e+01 8.158165472395889628e-01
1.253750000000000142e+01 8.183561686214081421e-01
1.256250000000000178e+01 8.220214943342928349e-01
1.258750000000000213e+01 8.255322677575237522e-01
1.261250000000000249e+01 8.299839417682203235e-01
1.263750000000000107e+01 8.332398947201827832e-01
1.266250000000000142e+01 8.384292263066723816e-01
1.268750000000000178e+01 8.423505424106381145e-01
1.271250000000000213e+01 8.478668058869583968e-01
1.273750000000000249e+01 8.529986008502330463e-01
1.276250000000000107e+01 8.578594070082962153e-01
1.278750000000000142e+01 8.646074437812291125e-01
1.281250000000000178e+01 8.713853280358805353e-01
1.283750000000000213e+01 8.788383055929532839e-01
1.286250000000000249e+01 8.870804662176617894e-01
1.288750000000000107e+01 8.971179419508658048e-01
1.291250000000000142e+01 9.089987244264370325e-01
1.293750000000000178e+01 9.238103722872926804e-01
1.296250000000000213e+01 9.464517918934521878e-01
1.298750000000000249e+01 1.000000000000000000e+00
